9 0 5f1c7022-2019-04-18T15:36:48Z-00005-000 3
30 0 8e2fdd07-2019-04-18T15:40:20Z-00003-000 3
39 0 8a961be4-2019-04-18T13:49:07Z-00003-000 2
33 0 fad42a17-2019-04-18T18:48:08Z-00007-000 -2
38 0 daa1c0-2019-04-18T14:20:22Z-00004-000 2
40 0 e3bc0eb1-2019-04-18T15:36:12Z-00004-000 3
4 0 c6b278de-2019-04-18T15:01:18Z-00002-000 3
33 0 cc006a76-2019-04-18T11:54:01Z-00005-000 3
49 0 85ef243c-2019-04-18T12:59:31Z-00001-000 1
40 0 abe4e0a8-2019-04-18T15:51:10Z-00004-000 3
7 0 61842a89-2019-04-18T18:56:38Z-00007-000 -2
43 0 b0a7bcdb-2019-04-18T18:05:08Z-00009-000 3
39 0 32f15628-2019-04-18T17:22:51Z-00006-000 2
15 0 61bcb26e-2019-04-18T18:36:30Z-00004-000 -2
15 0 a56a8385-2019-04-18T16:19:49Z-00004-000 3
14 0 51826e57-2019-04-18T16:07:45Z-00005-000 1
34 0 df3b86f3-2019-04-18T18:41:07Z-00002-000 2
50 0 aefca213-2019-04-18T13:02:56Z-00001-000 2
14 0 98f133cd-2019-04-18T17:44:34Z-00005-000 3
32 0 4a550b3a-2019-04-18T20:01:05Z-00004-000 0
19 0 5e9875b9-2019-04-18T15:19:59Z-00006-000 -2
9 0 70e25d9d-2019-04-18T11:55:47Z-00001-000 3
9 0 80d73cf6-2019-04-18T19:32:12Z-00005-000 2
14 0 2771aba0-2019-04-18T15:29:45Z-00005-000 -2
34 0 b656fdc4-2019-04-18T17:08:16Z-00001-000 3
19 0 5b95326a-2019-04-18T16:00:23Z-00005-000 3
39 0 6e49786a-2019-04-18T18:06:25Z-00005-000 2
43 0 c8a50f55-2019-04-18T18:22:24Z-00009-000 3
4 0 1db9e12f-2019-04-18T14:56:22Z-00003-000 3
19 0 9bfef25f-2019-04-18T13:27:14Z-00006-000 3
26 0 56db78fb-2019-04-18T14:13:19Z-00005-000 3
19 0 151b2833-2019-04-18T18:12:23Z-00006-000 3
38 0 fa1a69b6-2019-04-18T16:31:37Z-00005-000 3
7 0 de3b22fa-2019-04-15T20:22:54Z-00003-000 -2
43 0 8c6fa87-2019-04-18T18:15:20Z-00004-000 3
50 0 fbb2201b-2019-04-18T19:20:40Z-00005-000 2
40 0 851ff6ca-2019-04-15T20:22:39Z-00002-000 3
38 0 d3a6203-2019-04-18T17:51:05Z-00007-000 2
39 0 7021d6d5-2019-04-18T16:45:34Z-00001-000 2
34 0 18354b35-2019-04-18T17:18:43Z-00000-000 3
34 0 3107e432-2019-04-15T20:24:46Z-00000-000 2
14 0 b67fc3fb-2019-04-17T11:47:41Z-00173-000 2
39 0 d449ee59-2019-04-18T19:02:44Z-00008-000 2
7 0 affb669-2019-04-18T13:28:53Z-00003-000 1
33 0 404103db-2019-04-18T19:01:11Z-00005-000 3
7 0 36120ce6-2019-04-18T16:27:12Z-00008-000 -2
34 0 58177ab3-2019-04-18T19:34:39Z-00003-000 2
26 0 97409bf1-2019-04-18T14:11:04Z-00003-000 3
38 0 9dfd7dc-2019-04-18T18:21:56Z-00007-000 3
49 0 fcea08a1-2019-04-18T14:35:50Z-00004-000 1
33 0 8783bab0-2019-04-18T14:30:19Z-00009-000 -2
19 0 630bc9f5-2019-04-18T16:38:01Z-00008-000 -2
30 0 ca07a94-2019-04-18T16:25:14Z-00008-000 -2
19 0 ea2e9e22-2019-04-18T16:28:43Z-00005-000 3
9 0 8156d8db-2019-04-18T13:53:21Z-00005-000 3
30 0 a41b03e0-2019-04-18T13:42:43Z-00005-000 3
50 0 29a590aa-2019-04-18T19:27:23Z-00005-000 2
19 0 3395556a-2019-04-18T17:00:45Z-00005-000 3
39 0 e1beae30-2019-04-18T15:58:56Z-00003-000 2
9 0 a7f5e454-2019-04-18T13:43:30Z-00003-000 -2
43 0 824ed8eb-2019-04-18T18:32:31Z-00009-000 -2
33 0 828ec24d-2019-04-18T17:17:56Z-00005-000 3
30 0 c6d380a8-2019-04-18T14:40:11Z-00007-000 -2
32 0 7dc69e01-2019-04-18T18:08:22Z-00009-000 0
33 0 95769c7a-2019-04-18T16:10:49Z-00008-000 3
39 0 e4c4f298-2019-04-18T12:58:30Z-00004-000 2
33 0 99a57ff3-2019-04-19T12:47:03Z-00015-000 3
9 0 991f1842-2019-04-18T13:17:49Z-00002-000 3
19 0 fc060709-2019-04-18T16:14:33Z-00004-000 -2
39 0 7a99c7b0-2019-04-18T16:23:13Z-00007-000 2
14 0 1df4e73f-2019-04-15T20:23:01Z-00000-000 -2
40 0 516b7ad0-2019-04-18T15:06:18Z-00006-000 3
30 0 90dc25ac-2019-04-18T12:51:05Z-00002-000 3
19 0 bd4afe82-2019-04-18T17:25:26Z-00007-000 -2
40 0 ed876293-2019-04-18T15:42:58Z-00007-000 3
40 0 c0a5f15c-2019-04-18T13:45:23Z-00004-000 -2
32 0 af4a2436-2019-04-18T14:20:37Z-00000-000 2
19 0 fb3c024a-2019-04-18T14:45:20Z-00004-000 3
7 0 436647dc-2019-04-18T14:16:44Z-00007-000 0
32 0 b967f775-2019-04-18T15:39:58Z-00009-000 0
19 0 b91f04f4-2019-04-18T15:09:43Z-00003-000 3
19 0 933d85b9-2019-04-18T16:11:47Z-00005-000 3
38 0 82c12bae-2019-04-18T18:49:36Z-00004-000 3
32 0 6c384ef4-2019-04-18T19:00:58Z-00005-000 2
19 0 633484ce-2019-04-18T17:00:33Z-00004-000 -2
7 0 c5a3925f-2019-04-18T13:01:10Z-00007-000 -2
39 0 47041c36-2019-04-18T14:16:28Z-00005-000 2
7 0 f88e3be3-2019-04-18T19:53:11Z-00003-000 2
39 0 4d04459a-2019-04-18T14:01:20Z-00006-000 2
43 0 51260ca8-2019-04-18T18:07:31Z-00003-000 -2
50 0 371c1717-2019-04-18T18:56:16Z-00005-000 2
30 0 c84d7a92-2019-04-18T13:56:18Z-00006-000 -2
14 0 dfb058ea-2019-04-18T18:50:06Z-00003-000 3
15 0 fe5315d1-2019-04-18T14:15:45Z-00003-000 3
19 0 8b014bd0-2019-04-18T14:37:52Z-00007-000 3
14 0 d8741005-2019-04-18T13:07:16Z-00007-000 1
19 0 7f2875fd-2019-04-18T13:13:03Z-00006-000 -2
19 0 5d034f2d-2019-04-18T19:20:30Z-00007-000 -2
40 0 236d14ec-2019-04-18T16:29:51Z-00007-000 3
30 0 717c0448-2019-04-18T14:29:15Z-00003-000 3
19 0 a67bea59-2019-04-18T15:39:42Z-00003-000 3
50 0 3ea13f8c-2019-04-18T13:51:03Z-00005-000 1
49 0 3003092-2019-04-18T14:43:34Z-00005-000 3
19 0 4d91b1df-2019-04-18T15:29:29Z-00009-000 3
40 0 6604e4a3-2019-04-18T14:33:25Z-00005-000 -2
30 0 f35758f7-2019-04-18T12:59:35Z-00001-000 3
15 0 61bcb6ca-2019-04-18T16:24:23Z-00009-000 3
39 0 630f7c6f-2019-04-18T12:52:49Z-00002-000 2
4 0 8e9af3ad-2019-04-18T17:07:58Z-00002-000 2
32 0 14b49c9-2019-04-18T15:38:49Z-00007-000 -2
49 0 9fc14637-2019-04-18T14:44:02Z-00005-000 -2
19 0 63356341-2019-04-18T14:26:12Z-00009-000 3
19 0 d802a477-2019-04-18T18:38:20Z-00005-000 3
38 0 4d3852ce-2019-04-18T18:53:13Z-00009-000 3
38 0 87b8c230-2019-04-17T11:47:26Z-00000-000 -2
49 0 e0dffbaa-2019-04-18T14:56:40Z-00004-000 1
4 0 dec77298-2019-04-18T14:06:09Z-00003-000 -2
32 0 97795dc4-2019-04-18T19:46:03Z-00002-000 2
34 0 e0a66b35-2019-04-18T19:53:08Z-00000-000 0
7 0 606500dd-2019-04-15T20:22:16Z-00014-000 3
49 0 431b936a-2019-04-18T14:11:36Z-00007-000 -2
7 0 354b00fe-2019-04-18T16:13:27Z-00009-000 -2
19 0 3b27903a-2019-04-18T16:30:16Z-00009-000 2
34 0 3c5fdcf2-2019-04-18T14:44:38Z-00003-000 3
33 0 8eeab760-2019-04-18T16:21:32Z-00007-000 3
39 0 51c34db5-2019-04-18T13:22:25Z-00006-000 2
40 0 67db7502-2019-04-18T16:37:19Z-00004-000 3
7 0 42a8e127-2019-04-18T19:02:12Z-00004-000 1
43 0 5b8e57ce-2019-04-18T17:34:51Z-00004-000 3
15 0 2d219ef-2019-04-17T11:47:47Z-00049-000 3
49 0 ac29a9a-2019-04-19T12:44:31Z-00000-000 -2
19 0 63355ec6-2019-04-18T14:37:19Z-00005-000 3
39 0 d55c8fd6-2019-04-18T16:31:33Z-00005-000 2
14 0 7839a8e-2019-04-18T13:02:10Z-00001-000 3
14 0 f15d0350-2019-04-18T12:57:04Z-00005-000 3
30 0 30ae541c-2019-04-18T15:18:38Z-00005-000 3
38 0 d267a970-2019-04-18T15:26:34Z-00003-000 3
34 0 562197e9-2019-04-18T16:01:31Z-00005-000 -2
34 0 6ea9a438-2019-04-18T15:38:58Z-00003-000 -2
22 0 7cc6f402-2019-04-15T20:22:58Z-00001-000 3
30 0 bc7ee7fc-2019-04-18T16:13:57Z-00000-000 0
32 0 80c84bd9-2019-04-18T13:19:52Z-00006-000 1
30 0 e81cbf00-2019-04-18T18:44:20Z-00006-000 -2
9 0 720383e6-2019-04-18T14:09:06Z-00004-000 3
9 0 94533937-2019-04-18T17:03:17Z-00005-000 2
39 0 be617355-2019-04-18T14:49:38Z-00002-000 2
34 0 e40f4670-2019-04-18T18:50:08Z-00003-000 3
33 0 180c0226-2019-04-18T15:39:49Z-00005-000 3
32 0 7cd5fcd4-2019-04-18T13:58:16Z-00001-000 -2
9 0 54b181c-2019-04-18T15:21:56Z-00004-000 3
34 0 cc128cdd-2019-04-18T15:58:37Z-00004-000 2
26 0 e79cf3ec-2019-04-18T13:51:09Z-00005-000 3
40 0 c1373988-2019-04-18T13:27:24Z-00004-000 3
30 0 37a5c33a-2019-04-18T15:23:12Z-00005-000 -2
19 0 c831b805-2019-04-18T13:49:40Z-00005-000 -2
39 0 3774807f-2019-04-18T13:57:28Z-00009-000 2
33 0 c9d2cf9b-2019-04-18T19:53:21Z-00004-000 3
38 0 d267a5af-2019-04-18T18:07:23Z-00008-000 2
26 0 be50aaf1-2019-04-18T13:34:22Z-00005-000 3
4 0 66f51d6-2019-04-18T13:50:33Z-00009-000 3
34 0 5c1e1da6-2019-04-18T18:36:14Z-00009-000 -2
19 0 d01dadc7-2019-04-18T18:42:02Z-00003-000 3
39 0 d13faac7-2019-04-18T14:24:38Z-00007-000 2
4 0 4712ec0a-2019-04-18T12:53:28Z-00008-000 -2
30 0 5d2a077f-2019-04-18T13:59:07Z-00008-000 3
38 0 de9f97e-2019-04-18T15:11:49Z-00002-000 3
7 0 d0870de5-2019-04-18T13:41:35Z-00007-000 2
19 0 63355f61-2019-04-18T14:37:00Z-00004-000 3
7 0 c66f7c55-2019-04-18T19:59:39Z-00002-000 2
33 0 33f9c89f-2019-04-18T11:19:18Z-00005-000 3
30 0 d4c415c0-2019-04-18T17:49:26Z-00002-000 3
19 0 6334dfa0-2019-04-18T16:32:19Z-00003-000 3
7 0 36b02ad9-2019-04-18T17:00:28Z-00005-000 -2
9 0 2ee9faf4-2019-04-18T15:42:59Z-00002-000 3
38 0 c416873d-2019-04-18T18:19:50Z-00005-000 -2
50 0 2d7a6642-2019-04-18T18:33:57Z-00006-000 0
40 0 5efff4d3-2019-04-18T13:32:58Z-00005-000 3
40 0 1d4dd2b5-2019-04-18T18:48:02Z-00003-000 3
40 0 a22bf062-2019-04-18T19:30:56Z-00003-000 3
26 0 d2ea26fa-2019-04-18T16:26:47Z-00004-000 -2
15 0 3e6f0cf1-2019-04-18T16:00:16Z-00005-000 -2
43 0 36be6099-2019-04-18T13:55:05Z-00001-000 3
33 0 dcbaec56-2019-04-18T14:28:53Z-00004-000 3
40 0 8e5edc9-2019-04-18T14:03:21Z-00005-000 3
30 0 af69c8f7-2019-04-18T14:28:36Z-00006-000 3
49 0 5270c73e-2019-04-18T19:39:04Z-00005-000 2
39 0 91b9a76b-2019-04-18T18:21:16Z-00007-000 1
15 0 daece536-2019-04-18T15:14:44Z-00005-000 3
33 0 90ec04d-2019-04-18T15:31:25Z-00005-000 -2
38 0 d267a8d5-2019-04-18T16:58:41Z-00005-000 3
32 0 14b49e8-2019-04-18T15:35:43Z-00007-000 -2
4 0 e7b98175-2019-04-18T14:36:18Z-00003-000 -2
33 0 eb7cbdce-2019-04-18T17:08:09Z-00004-000 3
33 0 970346b5-2019-04-18T16:22:22Z-00005-000 3
32 0 4de7f7c1-2019-04-18T19:52:56Z-00002-000 2
40 0 11800e-2019-04-18T16:27:30Z-00005-000 3
43 0 bd60ce97-2019-04-18T14:07:39Z-00004-000 2
30 0 6e3f713c-2019-04-18T16:02:54Z-00007-000 3
38 0 174daad7-2019-04-18T18:53:23Z-00006-000 2
19 0 9c3ae97a-2019-04-18T18:21:12Z-00007-000 2
15 0 28e0a6b5-2019-04-18T15:07:33Z-00006-000 3
40 0 44c570f5-2019-04-18T13:44:19Z-00002-000 3
30 0 dedbd50d-2019-04-18T15:09:04Z-00005-000 -2
14 0 f18350a7-2019-04-18T11:11:22Z-00006-000 3
30 0 8a10581b-2019-04-18T14:18:44Z-00005-000 -2
4 0 91279d46-2019-04-18T17:53:34Z-00005-000 3
19 0 3d4f5783-2019-04-18T15:57:08Z-00004-000 3
39 0 7a99c7cf-2019-04-18T16:20:28Z-00007-000 2
15 0 59a01e38-2019-04-18T16:38:05Z-00003-000 3
30 0 b8b9a6ab-2019-04-18T18:43:27Z-00002-000 -2
49 0 8f5648d2-2019-04-18T16:09:44Z-00007-000 2
4 0 c93845a0-2019-04-18T15:10:52Z-00001-000 3
39 0 b6f6e654-2019-04-18T17:09:58Z-00003-000 2
38 0 87b8c230-2019-04-17T11:47:26Z-00149-000 -2
7 0 d8ef1549-2019-04-18T17:02:09Z-00005-000 3
33 0 2e8edb11-2019-04-18T16:22:57Z-00005-000 3
38 0 8160cfd9-2019-04-18T18:44:31Z-00005-000 2
38 0 174daa99-2019-04-18T19:27:29Z-00004-000 3
49 0 e028046b-2019-04-18T14:33:18Z-00005-000 3
50 0 a0517b87-2019-04-18T18:58:23Z-00004-000 3
22 0 402902df-2019-04-17T11:47:31Z-00000-000 3
43 0 5618cfde-2019-04-18T16:58:17Z-00003-000 3
19 0 c1c5ca56-2019-04-18T13:28:17Z-00007-000 -2
32 0 ce0c9890-2019-04-18T17:54:54Z-00005-000 2
39 0 bf184b88-2019-04-18T14:33:20Z-00005-000 2
33 0 2626df18-2019-04-18T18:47:30Z-00005-000 3
9 0 dc6f0081-2019-04-18T12:56:57Z-00001-000 -2
15 0 fd98a1f9-2019-04-18T16:36:58Z-00004-000 3
32 0 1f2335a0-2019-04-18T18:41:21Z-00005-000 3
7 0 33b03d11-2019-04-18T18:17:34Z-00002-000 2
38 0 5992fb47-2019-04-18T13:36:34Z-00003-000 3
15 0 ec5a2259-2019-04-18T18:03:25Z-00003-000 3
33 0 7648964d-2019-04-18T19:18:16Z-00004-000 3
4 0 d41ff3d6-2019-04-19T12:45:36Z-00007-000 2
32 0 406a6c10-2019-04-18T18:19:15Z-00005-000 -2
4 0 c6b2791c-2019-04-18T14:59:08Z-00003-000 3
43 0 224715ce-2019-04-18T14:16:46Z-00003-000 3
34 0 ff6f8975-2019-04-18T17:08:18Z-00005-000 2
33 0 bfb67452-2019-04-18T18:22:03Z-00000-000 3
19 0 fe5e045a-2019-04-18T15:15:22Z-00005-000 3
40 0 f6d26e83-2019-04-18T16:01:49Z-00002-000 3
50 0 5826e376-2019-04-18T18:16:23Z-00006-000 -2
15 0 be732dfd-2019-04-18T18:58:40Z-00007-000 3
4 0 c6b278de-2019-04-18T15:01:18Z-00001-000 2
19 0 32da7098-2019-04-18T14:57:49Z-00003-000 2
50 0 2e784eb9-2019-04-19T12:45:17Z-00001-000 1
33 0 f2b66258-2019-04-18T17:26:09Z-00001-000 -2
32 0 aba65d2c-2019-04-18T13:42:39Z-00002-000 1
33 0 b801a11e-2019-04-15T20:24:33Z-00001-000 -2
39 0 3d4f60b6-2019-04-18T18:43:01Z-00002-000 2
40 0 617d1901-2019-04-18T15:27:49Z-00003-000 2
38 0 db974270-2019-04-18T18:46:44Z-00003-000 3
30 0 717c04a5-2019-04-18T13:50:35Z-00003-000 3
9 0 4430de8b-2019-04-18T15:28:56Z-00005-000 3
14 0 2771aba0-2019-04-18T15:29:45Z-00003-000 3
34 0 b656fdc4-2019-04-18T17:08:16Z-00000-000 3
43 0 c8a50f55-2019-04-18T18:22:24Z-00007-000 3
49 0 b9ef185e-2019-04-17T11:47:34Z-00001-000 -2
33 0 c5a88668-2019-04-18T12:46:56Z-00001-000 -2
7 0 6d644353-2019-04-17T11:47:26Z-00022-000 -2
33 0 57da28b3-2019-04-18T13:00:46Z-00000-000 -2
33 0 baba6582-2019-04-18T14:14:21Z-00003-000 3
39 0 bf7cc5c7-2019-04-18T15:33:20Z-00003-000 2
38 0 9821cb64-2019-04-18T15:54:34Z-00002-000 3
50 0 104c1a05-2019-04-18T13:51:02Z-00005-000 3
26 0 8703c5ca-2019-04-18T16:10:43Z-00005-000 3
34 0 58177ab3-2019-04-18T19:34:39Z-00001-000 3
26 0 97409bf1-2019-04-18T14:11:04Z-00001-000 2
15 0 9f5396d0-2019-04-18T15:42:14Z-00003-000 3
49 0 d0dd05e0-2019-04-18T13:00:54Z-00000-000 2
7 0 9d2cb134-2019-04-18T19:14:49Z-00007-000 -2
32 0 5c6fe5d2-2019-04-18T17:24:46Z-00003-000 0
33 0 bee5cf85-2019-04-18T17:46:47Z-00003-000 3
14 0 41a0637c-2019-04-18T15:55:52Z-00002-000 3
9 0 6e39cdc8-2019-04-19T12:45:05Z-00003-000 2
26 0 f0c8d782-2019-04-18T12:52:43Z-00000-000 3
19 0 d9e86ee5-2019-04-18T18:00:55Z-00002-000 2
19 0 48d182a5-2019-04-18T15:47:41Z-00001-000 3
43 0 824ed8eb-2019-04-18T18:32:31Z-00007-000 3
15 0 8805d459-2019-04-18T14:03:04Z-00002-000 3
33 0 828ec24d-2019-04-18T17:17:56Z-00003-000 3
34 0 4e9cacb7-2019-04-18T19:52:35Z-00003-000 3
40 0 e3bc0029-2019-04-18T16:43:23Z-00003-000 3
38 0 3f13792b-2019-04-18T16:30:49Z-00002-000 3
15 0 908ed2cb-2019-04-18T15:35:47Z-00006-000 3
50 0 91b35e99-2019-04-18T18:40:09Z-00003-000 0
40 0 ed8763aa-2019-04-18T15:20:14Z-00000-000 3
19 0 e3294f33-2019-04-18T14:13:32Z-00001-000 3
9 0 7d46c6e8-2019-04-18T19:48:32Z-00003-000 2
38 0 399f2264-2019-04-18T18:16:39Z-00000-000 3
39 0 2fb9d5be-2019-04-18T15:18:29Z-00000-000 2
40 0 8cc5f5a5-2019-04-18T16:29:36Z-00006-000 -2
4 0 bfc40ccd-2019-04-18T13:22:32Z-00003-000 3
38 0 85d07352-2019-04-18T18:01:13Z-00001-000 3
34 0 4a484e4e-2019-04-18T18:10:35Z-00001-000 3
38 0 4aba565e-2019-04-18T14:01:54Z-00003-000 1
50 0 281ab12-2019-04-17T11:47:28Z-00008-000 1
32 0 4ff7a57b-2019-04-18T16:30:19Z-00001-000 1
30 0 9f12e0e6-2019-04-18T15:26:02Z-00001-000 3
14 0 d9e8fe64-2019-04-18T18:47:47Z-00004-000 3
14 0 7005e549-2019-04-18T12:56:16Z-00003-000 3
40 0 8077af98-2019-04-18T15:52:20Z-00003-000 3
50 0 65ee42b3-2019-04-18T14:20:56Z-00001-000 2
38 0 d267a8d5-2019-04-18T16:58:41Z-00003-000 3
19 0 4d91b1df-2019-04-18T15:29:29Z-00007-000 3
39 0 6d052ebb-2019-04-18T13:06:42Z-00006-000 2
4 0 8e9af3ad-2019-04-18T17:07:58Z-00001-000 3
39 0 aedf4350-2019-04-18T16:44:31Z-00005-000 2
14 0 ea9be02b-2019-04-18T14:40:00Z-00001-000 3
49 0 9fc14637-2019-04-18T14:44:02Z-00003-000 -2
15 0 daececd7-2019-04-18T14:05:34Z-00003-000 3
49 0 e0dffbaa-2019-04-18T14:56:40Z-00002-000 3
4 0 1e7f4ed8-2019-04-15T20:22:41Z-00001-000 -2
49 0 a79401f9-2019-04-18T16:40:00Z-00000-000 -2
7 0 efd789b6-2019-04-18T11:19:53Z-00008-000 -2
40 0 f2cac0b5-2019-04-18T16:06:26Z-00004-000 3
26 0 1703cf3f-2019-04-18T19:21:01Z-00000-000 2
9 0 c617f5ab-2019-04-18T14:18:24Z-00001-000 2
49 0 d18d829-2019-04-18T15:30:33Z-00002-000 3
9 0 e8f92dd9-2019-04-18T14:36:48Z-00002-000 3
32 0 aff24c4f-2019-04-18T18:14:37Z-00001-000 0
39 0 5339b784-2019-04-18T15:45:56Z-00004-000 3
33 0 8eeab760-2019-04-18T16:21:32Z-00005-000 3
32 0 e109226c-2019-04-18T13:02:48Z-00003-000 3
39 0 9c4ebe55-2019-04-18T18:01:55Z-00004-000 2
15 0 f585ebbb-2019-04-18T16:15:17Z-00004-000 3
43 0 d66d57c4-2019-04-19T12:46:02Z-00019-000 3
9 0 d03ac3d1-2019-04-18T15:44:17Z-00002-000 3
39 0 9a5532b3-2019-04-18T16:00:44Z-00002-000 2
14 0 a296bcb2-2019-04-18T15:58:47Z-00006-000 3
14 0 7839a8e-2019-04-18T13:02:10Z-00002-000 -2
14 0 caecc1bf-2019-04-18T13:39:21Z-00003-000 3
34 0 df21b78-2019-04-18T16:16:37Z-00007-000 -2
34 0 a96d2751-2019-04-18T19:51:23Z-00000-000 1
34 0 3ee2acca-2019-04-18T16:02:43Z-00002-000 2
32 0 5757bf0e-2019-04-18T11:08:12Z-00003-000 -2
30 0 dcf28643-2019-04-18T11:33:55Z-00001-000 -2
7 0 bc26e168-2019-04-18T15:49:54Z-00003-000 -2
32 0 1c3a6a0a-2019-04-18T14:09:40Z-00005-000 2
14 0 fbf5301a-2019-04-18T14:14:29Z-00008-000 3
22 0 8d325e50-2019-04-15T20:22:20Z-00001-000 3
33 0 180c0226-2019-04-18T15:39:49Z-00003-000 3
34 0 4c26d847-2019-04-18T18:51:36Z-00002-000 3
39 0 da0b362d-2019-04-18T16:13:49Z-00004-000 -2
40 0 3d4ebc3b-2019-04-18T19:21:29Z-00007-000 3
49 0 d0727c54-2019-04-18T18:28:36Z-00003-000 -2
30 0 68874881-2019-04-18T13:25:00Z-00003-000 3
38 0 d267a5af-2019-04-18T18:07:23Z-00006-000 3
26 0 be50aaf1-2019-04-18T13:34:22Z-00003-000 3
19 0 6335c4bc-2019-04-18T13:07:19Z-00003-000 3
15 0 61bcb66d-2019-04-18T16:58:09Z-00005-000 3
19 0 46eb6b3-2019-04-18T14:31:12Z-00003-000 3
4 0 4712ec0a-2019-04-18T12:53:28Z-00006-000 -2
9 0 5177bde4-2019-04-18T13:40:21Z-00003-000 2
26 0 770b8b0a-2019-04-18T16:15:10Z-00003-000 2
9 0 109aed09-2019-04-18T16:36:24Z-00001-000 2
39 0 5194bbe-2019-04-18T17:30:08Z-00003-000 2
32 0 c7b72d87-2019-04-15T20:24:23Z-00001-000 -2
26 0 215c5d68-2019-04-18T13:01:38Z-00001-000 3
19 0 3396362a-2019-04-18T14:25:19Z-00002-000 3
38 0 fad1e94f-2019-04-18T13:10:10Z-00004-000 3
7 0 4922940f-2019-04-18T16:17:14Z-00003-000 2
19 0 9b60ca4f-2019-04-18T18:42:01Z-00003-000 3
40 0 f345611f-2019-04-18T13:00:39Z-00000-000 3
32 0 45656031-2019-04-18T11:14:53Z-00004-000 2
30 0 e81cbf00-2019-04-18T18:44:20Z-00004-000 3
39 0 b2b9ab50-2019-04-18T13:02:48Z-00000-000 2
30 0 f7b00f4-2019-04-18T19:05:00Z-00002-000 2
19 0 48d1ebc1-2019-04-18T14:43:46Z-00002-000 3
34 0 5d621fc6-2019-04-18T18:36:07Z-00002-000 3
38 0 d267a8f4-2019-04-18T17:01:16Z-00007-000 3
50 0 48f8bcba-2019-04-18T15:45:21Z-00001-000 -2
14 0 b9c0e12b-2019-04-18T13:51:22Z-00005-000 3
4 0 150f59ba-2019-04-18T15:52:57Z-00001-000 -2
33 0 872fb369-2019-04-18T17:52:20Z-00008-000 3
19 0 7fa0772b-2019-04-18T17:12:20Z-00004-000 3
43 0 515fe131-2019-04-18T14:25:32Z-00003-000 3
40 0 ed8762f0-2019-04-18T15:33:01Z-00002-000 3
38 0 34ee1a0c-2019-04-18T13:59:19Z-00001-000 3
33 0 7f136c99-2019-04-18T13:40:55Z-00001-000 3
26 0 72e845b6-2019-04-17T11:47:38Z-00030-000 3
38 0 59d20097-2019-04-18T15:00:04Z-00002-000 3
26 0 eb991d36-2019-04-15T20:24:15Z-00001-000 -2
15 0 61bcba6c-2019-04-18T15:04:19Z-00004-000 3
19 0 df9e9598-2019-04-18T18:54:32Z-00003-000 3
30 0 f946650-2019-04-18T14:24:24Z-00004-000 3
4 0 91279d46-2019-04-18T17:53:34Z-00003-000 2
38 0 efda0a4-2019-04-18T13:23:28Z-00002-000 3
30 0 b8b9a6ab-2019-04-18T18:43:27Z-00000-000 3
4 0 c93845a0-2019-04-18T15:10:52Z-00000-000 3
49 0 869af6cc-2019-04-19T12:47:53Z-00001-000 -2
39 0 b6f6e654-2019-04-18T17:09:58Z-00001-000 2
38 0 174daa99-2019-04-18T19:27:29Z-00002-000 3
19 0 d9e901a9-2019-04-18T18:46:03Z-00005-000 3
33 0 5941421a-2019-04-18T15:20:27Z-00001-000 3
22 0 402902df-2019-04-17T11:47:31Z-00001-000 3
43 0 5618cfde-2019-04-18T16:58:17Z-00001-000 3
39 0 6bbe2ca6-2019-04-18T14:33:34Z-00003-000 2
15 0 213b4d6-2019-04-18T12:18:23Z-00001-000 3
30 0 2e55489a-2019-04-18T14:11:38Z-00003-000 3
15 0 989fa427-2019-04-18T19:11:05Z-00002-000 3
50 0 e506ce2b-2019-04-18T16:21:16Z-00001-000 2
40 0 84c9f2f7-2019-04-18T15:27:26Z-00003-000 3
4 0 ab3e066e-2019-04-17T11:47:19Z-00007-000 3
19 0 37683905-2019-04-18T14:40:35Z-00005-000 3
49 0 35c7203f-2019-04-18T12:59:57Z-00000-000 -2
15 0 7f546086-2019-04-18T16:57:49Z-00005-000 3
39 0 b1e0e666-2019-04-18T17:57:28Z-00008-000 2
39 0 5e621ee7-2019-04-18T18:05:02Z-00005-000 2
9 0 47ca0144-2019-04-18T15:38:01Z-00003-000 3
4 0 c6b278de-2019-04-18T15:01:18Z-00000-000 2
19 0 56ff41f0-2019-04-18T16:22:34Z-00001-000 3
9 0 5a92807d-2019-04-18T14:35:20Z-00002-000 2
7 0 61842a89-2019-04-18T18:56:38Z-00003-000 -2
50 0 2e784eb9-2019-04-19T12:45:17Z-00002-000 1
39 0 fda29737-2019-04-18T12:53:53Z-00002-000 2
34 0 9e189cf7-2019-04-18T15:08:59Z-00001-000 2
14 0 b4458e60-2019-04-18T14:43:52Z-00003-000 3
19 0 63f4a530-2019-04-18T17:04:57Z-00002-000 -2
14 0 2771aba0-2019-04-18T15:29:45Z-00001-000 3
4 0 1db9e12f-2019-04-18T14:56:22Z-00002-000 3
7 0 ffd69ecb-2019-04-18T13:17:02Z-00000-000 -2
30 0 8622c31e-2019-04-18T16:40:07Z-00003-000 2
43 0 98c58799-2019-04-18T19:43:51Z-00007-000 3
49 0 6df5d158-2019-04-17T11:47:26Z-00059-000 -2
14 0 7d51d9aa-2019-04-18T16:21:24Z-00004-000 3
34 0 ab9f69d4-2019-04-18T15:31:53Z-00000-000 -2
34 0 59bba222-2019-04-18T19:27:44Z-00002-000 -2
33 0 eb0097cf-2019-04-18T12:26:03Z-00004-000 3
26 0 b760077b-2019-04-18T13:01:46Z-00000-000 2
50 0 db154437-2019-04-18T18:44:30Z-00003-000 0
39 0 dca59d39-2019-04-18T20:00:26Z-00001-000 2
26 0 94951d3-2019-04-19T12:48:03Z-00008-000 2
26 0 345d87fe-2019-04-18T17:56:57Z-00003-000 1
4 0 1d10487f-2019-04-17T11:47:31Z-00016-000 3
26 0 97409bf1-2019-04-18T14:11:04Z-00002-000 3
15 0 d640f8-2019-04-18T15:29:03Z-00002-000 3
50 0 22149ea8-2019-04-17T11:47:34Z-00015-000 -2
19 0 630bc9f5-2019-04-18T16:38:01Z-00004-000 3
30 0 ca07a94-2019-04-18T16:25:14Z-00005-000 3
32 0 36f68365-2019-04-18T15:05:04Z-00000-000 -2
9 0 8156d8db-2019-04-18T13:53:21Z-00001-000 3
38 0 8c493086-2019-04-18T19:25:29Z-00003-000 2
9 0 a7f5e454-2019-04-18T13:43:30Z-00002-000 2
26 0 5633144a-2019-04-18T16:58:56Z-00003-000 1
43 0 824ed8eb-2019-04-18T18:32:31Z-00005-000 3
33 0 928ccf88-2019-04-18T15:23:31Z-00005-000 3
32 0 c535c8f7-2019-04-18T13:28:56Z-00004-000 -2
15 0 908ed2cb-2019-04-18T15:35:47Z-00004-000 3
50 0 6096777a-2019-04-18T13:46:45Z-00002-000 2
40 0 c0a5f15c-2019-04-18T13:45:23Z-00000-000 3
15 0 da638ba9-2019-04-18T13:02:33Z-00001-000 3
7 0 436647dc-2019-04-18T14:16:44Z-00003-000 -2
43 0 51260ca8-2019-04-18T18:07:31Z-00000-000 3
33 0 2abb75b-2019-04-18T14:09:46Z-00001-000 3
30 0 c84d7a92-2019-04-18T13:56:18Z-00003-000 3
19 0 ea2e1abf-2019-04-18T18:45:35Z-00003-000 3
30 0 9f12e0e6-2019-04-18T15:26:02Z-00002-000 3
19 0 d2f4b1cd-2019-04-17T11:47:27Z-00009-000 3
19 0 c03cdbce-2019-04-18T11:26:15Z-00007-000 3
39 0 630f7c6f-2019-04-18T12:52:49Z-00001-000 2
50 0 630f7c6f-2019-04-18T12:52:49Z-00001-000 2
22 0 30bac360-2019-04-18T12:53:11Z-00001-000 -2
38 0 87b8c230-2019-04-17T11:47:26Z-00002-000 -2
40 0 ed875bea-2019-04-18T16:07:09Z-00003-000 3
4 0 669404e3-2019-04-18T18:56:13Z-00004-000 -2
7 0 74e95ccd-2019-04-18T18:06:06Z-00001-000 -2
49 0 431b936a-2019-04-18T14:11:36Z-00003-000 3
9 0 8897f051-2019-04-18T13:36:55Z-00000-000 2
39 0 5339b784-2019-04-18T15:45:56Z-00002-000 2
9 0 24035966-2019-04-18T12:50:42Z-00003-000 3
49 0 ac29a9a-2019-04-19T12:44:31Z-00002-000 3
14 0 7839a8e-2019-04-18T13:02:10Z-00000-000 -2
14 0 1854aa43-2019-04-18T15:21:31Z-00002-000 3
34 0 69eb225f-2019-04-18T19:14:17Z-00000-000 -2
32 0 6089c7ab-2019-04-18T14:32:01Z-00000-000 -2
32 0 4f3ba6da-2019-04-18T17:55:17Z-00001-000 -2
50 0 1d684498-2019-04-18T17:05:49Z-00001-000 0
30 0 6fff05ab-2019-04-18T19:53:30Z-00001-000 -2
19 0 b52b2679-2019-04-18T14:26:12Z-00004-000 3
33 0 b1077c8f-2019-04-18T18:07:45Z-00009-000 3
7 0 1dbec9e-2019-04-18T16:11:36Z-00001-000 2
9 0 720383e6-2019-04-18T14:09:06Z-00000-000 3
33 0 180c0226-2019-04-18T15:39:49Z-00001-000 3
38 0 5811e631-2019-04-18T19:03:05Z-00001-000 2
7 0 c4610496-2019-04-18T14:47:34Z-00000-000 2
40 0 a23f06c3-2019-04-18T15:28:25Z-00001-000 3
38 0 d267a5af-2019-04-18T18:07:23Z-00004-000 3
7 0 dee67f68-2019-04-18T14:17:37Z-00000-000 2
19 0 b56be777-2019-04-18T16:58:39Z-00002-000 3
14 0 a43a5569-2019-04-18T11:24:11Z-00000-000 -2
19 0 ae59d57-2019-04-18T15:30:27Z-00001-000 3
39 0 a3b6a2e9-2019-04-18T18:33:42Z-00004-000 2
33 0 c6dfc058-2019-04-18T16:08:35Z-00008-000 3
14 0 d2d4219f-2019-04-18T13:20:48Z-00001-000 3
19 0 d01da2a3-2019-04-18T19:04:30Z-00001-000 3
40 0 ced5ecbe-2019-04-18T19:23:34Z-00001-000 3
14 0 99b18391-2019-04-18T16:18:28Z-00003-000 -2
14 0 fba9d594-2019-04-18T15:25:31Z-00003-000 0
34 0 5d621fc6-2019-04-18T18:36:07Z-00000-000 3
38 0 7e67fe99-2019-04-18T15:47:36Z-00004-000 3
32 0 1d2332f-2019-04-18T18:05:53Z-00000-000 -2
39 0 9ac7dfe1-2019-04-18T11:10:17Z-00004-000 2
4 0 a51e7d81-2019-04-18T17:49:12Z-00001-000 -2
33 0 970346b5-2019-04-18T16:22:22Z-00001-000 -2
30 0 717c04c4-2019-04-18T13:44:05Z-00004-000 2
15 0 3eced554-2019-04-18T19:30:38Z-00001-000 3
40 0 2c04b681-2019-04-18T16:40:31Z-00000-000 3
33 0 83cd7699-2019-04-18T16:11:20Z-00006-000 3
26 0 259f65bb-2019-04-15T20:24:15Z-00002-000 -2
40 0 a490c802-2019-04-18T19:16:17Z-00003-000 3
49 0 e5f6de56-2019-04-18T14:08:24Z-00000-000 3
4 0 91279d46-2019-04-18T17:53:34Z-00001-000 2
50 0 ea537e54-2019-04-18T19:30:25Z-00000-000 0
30 0 b8b9a6ab-2019-04-18T18:43:27Z-00001-000 -2
40 0 efef4309-2019-04-18T16:10:20Z-00003-000 2
39 0 a01e51a9-2019-04-18T16:36:28Z-00005-000 2
32 0 15125835-2019-04-18T14:58:11Z-00002-000 2
15 0 cb3de163-2019-04-19T12:47:22Z-00002-000 3
22 0 402902df-2019-04-17T11:47:31Z-00002-000 3
43 0 5618cfde-2019-04-18T16:58:17Z-00002-000 3
26 0 a3eb04e5-2019-04-18T16:10:36Z-00000-000 2
30 0 1c520332-2019-04-18T15:25:04Z-00003-000 3
7 0 cbfd88a8-2019-04-18T13:14:17Z-00001-000 3
15 0 59d17c99-2019-04-18T18:59:14Z-00001-000 3
14 0 de96f288-2019-04-18T16:37:50Z-00002-000 3
19 0 63357226-2019-04-18T13:13:49Z-00004-000 3
34 0 db7b77a1-2019-04-18T18:21:04Z-00003-000 2
9 0 d5ad7f78-2019-04-18T16:43:58Z-00006-000 3
4 0 bea71e7b-2019-04-17T11:47:42Z-00089-000 3
4 0 c6b2791c-2019-04-18T14:59:08Z-00000-000 -2
34 0 ff6f8975-2019-04-18T17:08:18Z-00001-000 3
39 0 4505ff06-2019-04-18T13:43:08Z-00001-000 2
50 0 2144fc96-2019-04-18T18:51:55Z-00002-000 0
15 0 a4241bd2-2019-04-18T16:31:04Z-00000-000 3
49 0 254d49d-2019-04-18T18:45:39Z-00004-000 1
9 0 5f1c7022-2019-04-18T15:36:48Z-00004-000 2
33 0 384991a9-2019-04-18T16:54:00Z-00004-000 -2
30 0 bddd7136-2019-04-18T15:16:31Z-00003-000 3
7 0 b18700e6-2019-04-18T13:11:35Z-00001-000 -2
50 0 2e784eb9-2019-04-19T12:45:17Z-00003-000 -2
15 0 8cce991f-2019-04-18T15:43:14Z-00004-000 3
43 0 9dfb6f18-2019-04-18T17:33:31Z-00005-000 3
32 0 825b2ebc-2019-04-18T18:42:10Z-00000-000 0
50 0 8e005bcf-2019-04-18T14:36:42Z-00001-000 -2
7 0 93ac182e-2019-04-18T14:29:45Z-00004-000 1
14 0 2771aba0-2019-04-18T15:29:45Z-00004-000 3
33 0 4930d310-2019-04-18T18:24:53Z-00003-000 3
19 0 5b95326a-2019-04-18T16:00:23Z-00004-000 3
43 0 c8a50f55-2019-04-18T18:22:24Z-00003-000 3
4 0 1db9e12f-2019-04-18T14:56:22Z-00000-000 2
7 0 f332401d-2019-04-17T11:47:22Z-00014-000 2
40 0 5c62a099-2019-04-18T16:17:52Z-00005-000 3
34 0 ab9f69d4-2019-04-18T15:31:53Z-00003-000 -2
34 0 947cde9c-2019-04-15T20:24:20Z-00000-000 0
33 0 baba6582-2019-04-18T14:14:21Z-00004-000 -2
26 0 b760077b-2019-04-18T13:01:46Z-00003-000 3
26 0 5733c8be-2019-04-18T16:58:34Z-00003-000 3
34 0 4c26d828-2019-04-18T19:20:17Z-00005-000 2
9 0 9b531995-2019-04-18T13:25:09Z-00002-000 3
50 0 4d103774-2019-04-18T13:49:55Z-00000-000 -2
40 0 e330c628-2019-04-18T15:52:52Z-00001-000 3
49 0 26d1f70e-2019-04-18T14:04:17Z-00000-000 2
49 0 f89c38d5-2019-04-18T18:20:43Z-00002-000 1
33 0 69d892e-2019-04-18T19:17:51Z-00000-000 3
34 0 58177ad2-2019-04-18T19:34:18Z-00005-000 2
32 0 bcb324cc-2019-04-18T17:23:31Z-00003-000 2
7 0 6f26819d-2019-04-18T14:26:16Z-00004-000 0
50 0 e927395d-2019-04-18T15:23:45Z-00004-000 0
19 0 3395556a-2019-04-18T17:00:45Z-00004-000 3
26 0 ffd7fc64-2019-04-18T13:35:20Z-00002-000 3
9 0 a7f5e454-2019-04-18T13:43:30Z-00000-000 3
7 0 a6f755aa-2019-04-18T13:27:57Z-00003-000 2
40 0 60ee3265-2019-04-18T14:35:08Z-00001-000 3
7 0 14f67b05-2019-04-18T15:52:14Z-00003-000 2
14 0 1df4e73f-2019-04-15T20:23:01Z-00003-000 -2
32 0 61e968f7-2019-04-18T18:08:54Z-00004-000 0
40 0 c0a5f15c-2019-04-18T13:45:23Z-00005-000 3
38 0 7c8b175c-2019-04-18T15:27:03Z-00004-000 3
49 0 71e2e38a-2019-04-18T12:50:38Z-00001-000 0
40 0 a490cfc2-2019-04-18T18:48:08Z-00005-000 -2
14 0 dfb058ea-2019-04-18T18:50:06Z-00001-000 3
19 0 ea2e1abf-2019-04-18T18:45:35Z-00001-000 3
30 0 9f12e0e6-2019-04-18T15:26:02Z-00000-000 3
38 0 ffcf93d6-2019-04-18T18:36:12Z-00003-000 3
19 0 d1fd20a1-2019-04-18T19:40:28Z-00005-000 3
49 0 3003092-2019-04-18T14:43:34Z-00004-000 0
40 0 6604e4a3-2019-04-18T14:33:25Z-00004-000 -2
15 0 61bcb6ca-2019-04-18T16:24:23Z-00003-000 3
49 0 4809e6cc-2019-04-18T13:30:35Z-00005-000 3
26 0 9d663199-2019-04-18T13:56:58Z-00005-000 -2
32 0 227306e2-2019-04-18T17:47:27Z-00003-000 2
49 0 c76e356b-2019-04-18T16:15:36Z-00003-000 2
38 0 87b8c230-2019-04-17T11:47:26Z-00003-000 2
49 0 e0dffbaa-2019-04-18T14:56:40Z-00005-000 2
19 0 c69ebdd9-2019-04-18T13:14:29Z-00003-000 3
4 0 916d759a-2019-04-18T14:11:11Z-00001-000 3
7 0 c1c36a79-2019-04-18T14:53:14Z-00000-000 -2
50 0 100ec3cd-2019-04-18T16:57:52Z-00002-000 0
49 0 431b936a-2019-04-18T14:11:36Z-00001-000 3
9 0 c617f5ab-2019-04-18T14:18:24Z-00002-000 2
49 0 3a8ab8d0-2019-04-18T11:24:14Z-00007-000 2
19 0 8867a38b-2019-04-18T18:52:49Z-00002-000 3
33 0 a039f4ac-2019-04-18T16:22:00Z-00000-000 3
32 0 e109226c-2019-04-18T13:02:48Z-00004-000 0
9 0 9389d854-2019-04-18T18:50:20Z-00005-000 3
14 0 62827e8d-2019-04-18T16:10:15Z-00002-000 3
49 0 65c91b2f-2019-04-18T15:55:00Z-00003-000 1
7 0 b293b09c-2019-04-18T13:44:13Z-00004-000 2
34 0 6ea9a438-2019-04-18T15:38:58Z-00002-000 -2
40 0 75f8530d-2019-04-18T15:27:15Z-00003-000 -2
19 0 1ac17d86-2019-04-18T15:37:39Z-00002-000 -2
30 0 7ea0f3a-2019-04-18T18:36:44Z-00001-000 -2
33 0 7f516c1c-2019-04-18T19:59:51Z-00003-000 3
14 0 1dbec9e-2019-04-18T16:11:36Z-00004-000 1
32 0 c4355c55-2019-04-18T17:57:19Z-00003-000 3
40 0 a23f06c3-2019-04-18T15:28:25Z-00004-000 3
26 0 e79cf3ec-2019-04-18T13:51:09Z-00004-000 -2
40 0 c1373988-2019-04-18T13:27:24Z-00003-000 3
15 0 fe528ead-2019-04-18T19:20:31Z-00002-000 3
19 0 c831b805-2019-04-18T13:49:40Z-00004-000 -2
40 0 e3bc0428-2019-04-18T16:16:18Z-00001-000 3
15 0 2bce8c52-2019-04-18T19:09:45Z-00004-000 3
26 0 be50aaf1-2019-04-18T13:34:22Z-00006-000 2
33 0 8e65f903-2019-04-18T15:34:23Z-00003-000 3
19 0 38a0bc1-2019-04-18T15:15:09Z-00005-000 2
30 0 5d2a077f-2019-04-18T13:59:07Z-00002-000 3
14 0 a0da9a1f-2019-04-18T12:30:49Z-00001-000 -2
50 0 699b6134-2019-04-19T12:44:08Z-00003-000 -2
22 0 73691aa4-2019-04-18T18:49:53Z-00005-000 3
19 0 8d358e35-2019-04-18T14:45:58Z-00002-000 3
50 0 d9dabaf9-2019-04-18T13:48:24Z-00003-000 0
19 0 b0e4b003-2019-04-18T14:15:43Z-00004-000 3
14 0 91e3211a-2019-04-18T16:55:23Z-00004-000 2
19 0 4ce3fccf-2019-04-18T16:32:51Z-00004-000 -2
26 0 4e2b4436-2019-04-18T16:47:41Z-00002-000 3
40 0 5efff4d3-2019-04-18T13:32:58Z-00006-000 3
38 0 575d7a7e-2019-04-18T16:34:27Z-00002-000 3
15 0 3e6f0cf1-2019-04-18T16:00:16Z-00004-000 -2
30 0 e4848164-2019-04-17T11:47:33Z-00102-000 3
34 0 5d621fc6-2019-04-18T18:36:07Z-00005-000 3
38 0 c416877b-2019-04-18T15:36:17Z-00002-000 2
38 0 174daab8-2019-04-18T19:00:10Z-00005-000 3
39 0 40f0bed0-2019-04-18T14:11:38Z-00000-000 2
4 0 e7b98175-2019-04-18T14:36:18Z-00004-000 1
19 0 3395c96c-2019-04-18T15:25:48Z-00002-000 3
15 0 d1ad7ee6-2019-04-18T16:32:59Z-00003-000 3
33 0 129ce23f-2019-04-18T15:31:47Z-00002-000 3
26 0 961ba92b-2019-04-18T15:54:26Z-00004-000 3
14 0 656658c-2019-04-18T14:51:24Z-00002-000 3
32 0 2c05e9fb-2019-04-15T20:23:05Z-00003-000 -2
30 0 dedbd50d-2019-04-18T15:09:04Z-00004-000 -2
15 0 1a206b25-2019-04-18T16:47:56Z-00002-000 3
49 0 b5e88b26-2019-04-18T16:29:20Z-00002-000 1
7 0 d14fa3f8-2019-04-18T12:59:50Z-00004-000 3
4 0 91279d46-2019-04-18T17:53:34Z-00004-000 3
15 0 59a01e38-2019-04-18T16:38:05Z-00004-000 3
9 0 1a37fd29-2019-04-18T15:22:27Z-00003-000 -2
40 0 efef4309-2019-04-18T16:10:20Z-00001-000 2
15 0 85178f24-2019-04-18T15:22:54Z-00004-000 3
32 0 918b453e-2019-04-18T18:41:44Z-00000-000 -2
32 0 60dd9ff4-2019-04-18T16:57:58Z-00004-000 -2
33 0 e737a55f-2019-04-18T13:00:31Z-00000-000 3
33 0 2e8edb11-2019-04-18T16:22:57Z-00000-000 3
32 0 15125835-2019-04-18T14:58:11Z-00000-000 0
15 0 c0429f6c-2019-04-18T15:12:05Z-00004-000 3
34 0 b1ddd96f-2019-04-17T11:47:40Z-00061-000 3
34 0 4c2a61b5-2019-04-19T12:47:14Z-00003-000 -2
7 0 e853a4b-2019-04-18T16:50:15Z-00001-000 1
22 0 402902df-2019-04-17T11:47:31Z-00003-000 -2
30 0 e10d3563-2019-04-17T11:47:44Z-00006-000 3
39 0 bf184b88-2019-04-18T14:33:20Z-00004-000 2
32 0 918b453e-2019-04-18T18:41:44Z-00004-000 2
15 0 ec5a2259-2019-04-18T18:03:25Z-00002-000 3
4 0 1d10487f-2019-04-17T11:47:31Z-00024-000 2
30 0 4d21044-2019-04-18T15:20:38Z-00003-000 -2
9 0 c9019969-2019-04-18T16:25:29Z-00004-000 -2
19 0 fe5e045a-2019-04-18T15:15:22Z-00004-000 -2
39 0 be61729b-2019-04-18T19:00:10Z-00005-000 3
40 0 6a11307c-2019-04-18T15:13:55Z-00004-000 3
50 0 bd7013ea-2019-04-18T14:03:21Z-00003-000 3
38 0 daa1c0-2019-04-18T14:20:22Z-00003-000 3
4 0 9c361139-2019-04-18T17:57:48Z-00003-000 3
50 0 e6ffa8fb-2019-04-19T12:45:14Z-00004-000 0
50 0 40d0b8cb-2019-04-18T13:13:31Z-00007-000 2
30 0 bddd7136-2019-04-18T15:16:31Z-00002-000 3
40 0 a4350c15-2019-04-18T18:59:46Z-00002-000 3
15 0 8cce991f-2019-04-18T15:43:14Z-00002-000 3
43 0 4e909451-2019-04-17T11:47:36Z-00022-000 3
33 0 8fc589c-2019-04-18T18:12:06Z-00001-000 -2
39 0 32f15628-2019-04-18T17:22:51Z-00005-000 2
7 0 826727db-2019-04-18T14:31:24Z-00006-000 -2
14 0 3e6b564-2019-04-18T15:03:17Z-00004-000 2
9 0 40c16f39-2019-04-18T16:15:15Z-00004-000 2
7 0 93ac182e-2019-04-18T14:29:45Z-00002-000 2
14 0 98f133cd-2019-04-18T17:44:34Z-00004-000 3
9 0 4430de8b-2019-04-18T15:28:56Z-00006-000 3
43 0 c8a50f55-2019-04-18T18:22:24Z-00001-000 3
40 0 abe4e143-2019-04-18T14:47:58Z-00001-000 3
7 0 abf0fc05-2019-04-15T20:22:46Z-00006-000 2
43 0 d4dfd2ce-2019-04-18T13:33:01Z-00002-000 3
34 0 3f069c7f-2019-04-18T15:09:16Z-00003-000 -2
39 0 8c9c7325-2019-04-18T13:31:47Z-00007-000 2
33 0 6ed8a6b0-2019-04-18T17:33:39Z-00003-000 3
4 0 21d6875b-2019-04-18T16:29:45Z-00003-000 2
33 0 f3baef00-2019-04-18T19:20:52Z-00001-000 3
39 0 1f0e65df-2019-04-18T15:25:46Z-00007-000 1
14 0 ed737ba-2019-04-18T18:25:15Z-00008-000 3
32 0 f7f1c68a-2019-04-18T15:10:47Z-00001-000 -2
34 0 58177ad2-2019-04-18T19:34:18Z-00003-000 3
14 0 d2a0c8c-2019-04-18T11:41:51Z-00003-000 3
43 0 824ed8eb-2019-04-18T18:32:31Z-00001-000 -2
39 0 7e7132f5-2019-04-18T13:44:45Z-00006-000 1
50 0 353fb214-2019-04-18T16:19:13Z-00006-000 -2
33 0 f1d02517-2019-04-18T14:24:26Z-00000-000 3
19 0 6334eb40-2019-04-18T16:07:52Z-00004-000 3
15 0 b1877d43-2019-04-18T11:50:36Z-00007-000 3
50 0 34fc8788-2019-04-19T12:46:38Z-00004-000 -2
39 0 ce0a06c8-2019-04-18T13:05:11Z-00003-000 2
40 0 c0a5f15c-2019-04-18T13:45:23Z-00003-000 3
15 0 da638ba9-2019-04-18T13:02:33Z-00002-000 3
19 0 b183cc33-2019-04-18T18:50:54Z-00004-000 3
40 0 5c9a5ad7-2019-04-18T13:30:29Z-00002-000 3
9 0 7bf53995-2019-04-18T19:33:59Z-00002-000 3
40 0 a490cfc2-2019-04-18T18:48:08Z-00003-000 -2
34 0 39bab7b8-2019-04-18T19:18:33Z-00002-000 3
39 0 4d04459a-2019-04-18T14:01:20Z-00007-000 -2
43 0 76c7c4bc-2019-04-18T13:04:33Z-00003-000 3
33 0 2e8edb4f-2019-04-18T15:53:37Z-00002-000 3
38 0 ffcf93d6-2019-04-18T18:36:12Z-00001-000 3
38 0 4a07646e-2019-04-18T18:23:12Z-00000-000 2
14 0 f7411785-2019-04-18T16:52:43Z-00008-000 -2
49 0 b97c1aa6-2019-04-18T14:22:15Z-00004-000 0
9 0 db524bb6-2019-04-18T15:31:00Z-00005-000 -2
34 0 1a699cf1-2019-04-18T16:35:00Z-00006-000 3
26 0 288c2167-2019-04-18T13:45:09Z-00000-000 3
19 0 99501f33-2019-04-18T14:39:03Z-00000-000 -2
4 0 89be0cd2-2019-04-18T11:44:07Z-00004-000 3
34 0 6d8da8ae-2019-04-18T16:44:59Z-00002-000 2
39 0 148740e7-2019-04-18T16:49:23Z-00006-000 2
40 0 5db6f926-2019-04-18T15:28:40Z-00004-000 3
38 0 87b8c230-2019-04-17T11:47:26Z-00004-000 3
4 0 1df1290b-2019-04-19T12:44:36Z-00000-000 3
7 0 7da97fb8-2019-04-18T14:19:59Z-00004-000 -2
49 0 b2a99c55-2019-04-18T14:54:56Z-00001-000 3
19 0 2bdc371a-2019-04-18T17:17:57Z-00002-000 3
40 0 e3bc0ab2-2019-04-18T16:07:14Z-00005-000 3
39 0 5339b784-2019-04-18T15:45:56Z-00005-000 2
14 0 45147692-2019-04-18T13:09:04Z-00001-000 1
9 0 9389d854-2019-04-18T18:50:20Z-00003-000 3
39 0 51c34db5-2019-04-18T13:22:25Z-00005-000 2
32 0 89b9adaa-2019-04-18T15:38:40Z-00000-000 2
43 0 52e3bee1-2019-04-18T19:24:21Z-00001-000 3
30 0 72aac3b-2019-04-18T13:47:23Z-00000-000 1
32 0 10771306-2019-04-18T14:29:45Z-00002-000 3
39 0 e7a54d-2019-04-18T13:54:37Z-00001-000 2
14 0 caecc1bf-2019-04-18T13:39:21Z-00002-000 3
9 0 f4a3ee69-2019-04-18T15:32:25Z-00002-000 3
19 0 ea2e9624-2019-04-18T19:16:55Z-00007-000 2
34 0 6ea9a438-2019-04-18T15:38:58Z-00001-000 3
32 0 18710bc8-2019-04-18T16:37:00Z-00002-000 3
34 0 3ee2acca-2019-04-18T16:02:43Z-00001-000 2
38 0 6f02a9c0-2019-04-18T14:40:29Z-00006-000 -2
30 0 e81cbf00-2019-04-18T18:44:20Z-00005-000 -2
32 0 1962bef4-2019-04-19T12:46:39Z-00004-000 -2
7 0 54758b9d-2019-04-18T13:10:22Z-00001-000 2
40 0 e3bc0428-2019-04-18T16:16:18Z-00000-000 3
49 0 f5f72aae-2019-04-17T11:47:27Z-00044-000 1
26 0 4d8487a-2019-04-18T18:20:20Z-00001-000 1
4 0 4712ec0a-2019-04-18T12:53:28Z-00000-000 3
30 0 5d2a077f-2019-04-18T13:59:07Z-00000-000 3
9 0 a54d8ac8-2019-04-18T14:32:55Z-00002-000 2
26 0 47212518-2019-04-18T16:45:38Z-00000-000 3
14 0 849a1d8c-2019-04-18T11:31:50Z-00006-000 -2
19 0 63356ea3-2019-04-18T13:22:32Z-00005-000 3
33 0 5709ab1d-2019-04-18T13:58:08Z-00006-000 -2
32 0 d62e7eb3-2019-04-18T17:50:30Z-00000-000 2
30 0 e81cbf1f-2019-04-18T18:43:01Z-00006-000 -2
49 0 605c5f60-2019-04-18T15:00:53Z-00002-000 3
9 0 c901992b-2019-04-18T16:23:35Z-00003-000 2
19 0 3395bee3-2019-04-18T16:03:47Z-00004-000 -2
30 0 536e81e5-2019-04-18T15:02:55Z-00000-000 -2
34 0 5d621fc6-2019-04-18T18:36:07Z-00003-000 2
38 0 d267a8f4-2019-04-18T17:01:16Z-00001-000 3
39 0 d67f6b84-2019-04-17T11:47:43Z-00103-000 2
50 0 f660e8a-2019-04-18T18:43:54Z-00001-000 -2
32 0 4e94e7bb-2019-04-18T16:13:44Z-00000-000 -2
30 0 9931adfb-2019-04-18T12:45:49Z-00003-000 1
33 0 d98175c5-2019-04-18T14:27:13Z-00007-000 3
19 0 3395c96c-2019-04-18T15:25:48Z-00001-000 3
40 0 ed8762f0-2019-04-18T15:33:01Z-00001-000 3
33 0 4345eef2-2019-04-18T16:40:56Z-00000-000 2
43 0 bd60ce97-2019-04-18T14:07:39Z-00001-000 3
30 0 6e3f713c-2019-04-18T16:02:54Z-00006-000 -2
26 0 259f65bb-2019-04-15T20:24:15Z-00004-000 1
34 0 528fb34-2019-04-18T16:00:42Z-00003-000 3
32 0 2c05e9fb-2019-04-15T20:23:05Z-00004-000 3
19 0 9e180209-2019-04-18T14:35:52Z-00002-000 3
19 0 e24a1f7f-2019-04-18T19:34:56Z-00004-000 3
4 0 91279d46-2019-04-18T17:53:34Z-00002-000 -2
50 0 49b078ea-2019-04-18T17:39:26Z-00001-000 2
40 0 efef4309-2019-04-18T16:10:20Z-00000-000 -2
7 0 aafab678-2019-04-18T13:08:10Z-00005-000 0
32 0 c53a911f-2019-04-18T13:45:17Z-00002-000 2
4 0 139da6c8-2019-04-18T18:43:01Z-00006-000 2
39 0 b6401d55-2019-04-18T18:52:06Z-00001-000 2
40 0 abe4d5a3-2019-04-18T18:51:55Z-00000-000 -2
15 0 c0429f6c-2019-04-18T15:12:05Z-00002-000 3
40 0 6604e4c2-2019-04-18T14:32:22Z-00006-000 -2
40 0 bea71e7b-2019-04-17T11:47:42Z-00018-000 -2
22 0 402902df-2019-04-17T11:47:31Z-00004-000 -2
30 0 2e55489a-2019-04-18T14:11:38Z-00002-000 3
15 0 fd98a1f9-2019-04-18T16:36:58Z-00003-000 3
39 0 baa5c71f-2019-04-18T16:44:24Z-00001-000 2
33 0 7648964d-2019-04-18T19:18:16Z-00003-000 3
26 0 6aa1492a-2019-04-15T20:24:39Z-00004-000 -2
33 0 da18aa91-2019-04-18T15:04:21Z-00003-000 -2
9 0 466a544c-2019-04-18T15:32:32Z-00002-000 3
32 0 c9664fa2-2019-04-18T17:01:48Z-00001-000 1
7 0 42a23628-2019-04-18T16:46:48Z-00002-000 2
50 0 814b1122-2019-04-15T20:22:24Z-00005-000 2
39 0 57ced9b9-2019-04-18T19:19:49Z-00008-000 2
19 0 2e69e21f-2019-04-18T16:44:39Z-00000-000 2
50 0 510d3995-2019-04-18T16:28:22Z-00008-000 -2
50 0 2e784eb9-2019-04-19T12:45:17Z-00005-000 -2
15 0 293606bc-2019-04-18T19:52:56Z-00000-000 0
33 0 b801a11e-2019-04-15T20:24:33Z-00005-000 3
19 0 6065748e-2019-04-18T18:38:21Z-00004-000 3
43 0 8ae07785-2019-04-18T14:01:12Z-00006-000 2
9 0 4430de8b-2019-04-18T15:28:56Z-00004-000 3
14 0 2771aba0-2019-04-18T15:29:45Z-00000-000 3
43 0 c8a50f55-2019-04-18T18:22:24Z-00008-000 3
38 0 6231ab47-2019-04-18T16:20:48Z-00008-000 3
9 0 8ae1260a-2019-04-18T15:33:35Z-00003-000 3
14 0 ff5c7649-2019-04-18T18:32:57Z-00004-000 3
7 0 475596d3-2019-04-17T11:47:21Z-00016-000 2
43 0 4a4c7bf9-2019-04-18T17:02:07Z-00005-000 3
34 0 fa5121ba-2019-04-18T17:45:03Z-00000-000 2
9 0 6f5c7d0-2019-04-18T15:43:46Z-00004-000 3
26 0 321cce17-2019-04-18T16:11:52Z-00000-000 1
26 0 69794a99-2019-04-18T14:04:56Z-00000-000 2
50 0 7d741cc1-2019-04-18T16:05:45Z-00000-000 1
39 0 84bee0b1-2019-04-18T13:28:44Z-00004-000 2
4 0 ec0930ea-2019-04-18T18:58:19Z-00001-000 2
15 0 d640f8-2019-04-18T15:29:03Z-00005-000 3
15 0 61bcb9f0-2019-04-18T15:36:32Z-00007-000 3
26 0 87aab5cc-2019-04-18T16:08:17Z-00004-000 3
50 0 1689b006-2019-04-18T16:13:23Z-00003-000 2
40 0 8914f22f-2019-04-18T15:45:58Z-00001-000 3
30 0 ca07a94-2019-04-18T16:25:14Z-00007-000 -2
40 0 9d8dca7e-2019-04-18T12:14:22Z-00001-000 3
32 0 9381a0f5-2019-04-18T15:25:42Z-00000-000 0
32 0 b622e27e-2019-04-18T16:25:46Z-00005-000 3
34 0 e8771d03-2019-04-18T13:25:13Z-00001-000 -2
43 0 824ed8eb-2019-04-18T18:32:31Z-00008-000 -2
30 0 c6d380a8-2019-04-18T14:40:11Z-00004-000 3
19 0 301bdd22-2019-04-18T15:17:36Z-00002-000 3
32 0 881ca447-2019-04-18T15:18:28Z-00000-000 1
14 0 1df4e73f-2019-04-15T20:23:01Z-00005-000 -2
15 0 908ed2cb-2019-04-18T15:35:47Z-00007-000 3
33 0 3e6e1f09-2019-04-18T14:11:20Z-00001-000 3
15 0 da638ba9-2019-04-18T13:02:33Z-00000-000 3
7 0 436647dc-2019-04-18T14:16:44Z-00006-000 1
15 0 fd2bc663-2019-04-18T16:15:18Z-00002-000 3
19 0 7f2875fd-2019-04-18T13:13:03Z-00005-000 2
19 0 339641e9-2019-04-18T13:13:46Z-00008-000 3
26 0 961ba94a-2019-04-18T15:54:06Z-00000-000 3
38 0 87b8c230-2019-04-17T11:47:26Z-00005-000 3
19 0 242d823d-2019-04-18T13:15:06Z-00000-000 3
49 0 e0dffbaa-2019-04-18T14:56:40Z-00001-000 3
40 0 3670e50c-2019-04-18T15:23:35Z-00002-000 3
4 0 1df1290b-2019-04-19T12:44:36Z-00001-000 2
19 0 6335c440-2019-04-18T13:10:55Z-00000-000 3
49 0 6f09dd50-2019-04-18T16:59:44Z-00006-000 1
14 0 6334812c-2019-04-18T17:07:40Z-00000-000 2
9 0 f4a3ee69-2019-04-18T15:32:25Z-00000-000 -2
32 0 18710bc8-2019-04-18T16:37:00Z-00000-000 1
32 0 2baaf2c1-2019-04-18T18:57:49Z-00000-000 -2
32 0 48c89b0f-2019-04-18T14:21:32Z-00002-000 -2
14 0 45198ce6-2019-04-18T18:35:19Z-00001-000 3
30 0 ab7928ea-2019-04-18T13:32:57Z-00008-000 3
40 0 ed87bdc2-2019-04-18T13:54:46Z-00003-000 3
39 0 f3de1edf-2019-04-18T12:54:07Z-00000-000 2
19 0 5b9532a8-2019-04-18T13:29:26Z-00000-000 3
9 0 9361e5bc-2019-04-18T16:31:35Z-00002-000 3
49 0 aacad740-2019-04-18T18:19:20Z-00005-000 0
49 0 b4a55a68-2019-04-18T19:09:38Z-00002-000 -2
38 0 d267a5af-2019-04-18T18:07:23Z-00009-000 3
9 0 573179be-2019-04-18T16:24:09Z-00002-000 2
40 0 85bf24e-2019-04-18T14:26:45Z-00003-000 2
32 0 c5b75e15-2019-04-18T13:42:58Z-00004-000 2
7 0 ffc1c5ad-2019-04-18T16:49:56Z-00008-000 -2
32 0 8cba3f08-2019-04-18T15:07:21Z-00005-000 1
4 0 4712ec0a-2019-04-18T12:53:28Z-00009-000 -2
26 0 6e240e8a-2019-04-18T17:58:05Z-00002-000 3
15 0 908f4e4f-2019-04-18T18:40:43Z-00008-000 3
33 0 102e73ca-2019-04-18T17:27:21Z-00005-000 3
38 0 fad1e94f-2019-04-18T13:10:10Z-00005-000 3
39 0 e9139e64-2019-04-18T13:46:58Z-00001-000 2
40 0 97ab35bd-2019-04-18T18:52:39Z-00000-000 3
40 0 781939db-2019-04-18T13:40:53Z-00002-000 3
26 0 e100392e-2019-04-18T19:19:21Z-00000-000 -2
30 0 af69c8f7-2019-04-18T14:28:36Z-00005-000 -2
34 0 5d621fc6-2019-04-18T18:36:07Z-00001-000 3
38 0 7e67fe99-2019-04-18T15:47:36Z-00007-000 2
38 0 d267a8d5-2019-04-18T16:58:41Z-00004-000 2
39 0 b2b9a732-2019-04-18T16:57:29Z-00001-000 2
4 0 ac1a3f2a-2019-04-18T14:35:04Z-00001-000 -2
40 0 ed87c126-2019-04-18T13:45:18Z-00005-000 3
40 0 11800e-2019-04-18T16:27:30Z-00000-000 3
15 0 3eced554-2019-04-18T19:30:38Z-00000-000 3
4 0 bea71e7b-2019-04-17T11:47:42Z-00047-000 3
38 0 174daad7-2019-04-18T18:53:23Z-00004-000 3
32 0 2c05e9fb-2019-04-15T20:23:05Z-00005-000 -2
22 0 402902df-2019-04-17T11:47:31Z-00005-000 -2
26 0 a3eb04e5-2019-04-18T16:10:36Z-00001-000 3
49 0 d9146b60-2019-04-18T17:43:20Z-00000-000 3
15 0 fd98a1f9-2019-04-18T16:36:58Z-00002-000 3
4 0 7fa93265-2019-04-18T15:27:38Z-00003-000 2
4 0 a19d8d71-2019-04-18T16:25:36Z-00004-000 1
4 0 ecae0c58-2019-04-19T12:44:21Z-00012-000 0
9 0 c9019969-2019-04-18T16:25:29Z-00000-000 2
9 0 3725fa45-2019-04-18T19:47:48Z-00002-000 3
14 0 d39ff9f5-2019-04-15T20:22:45Z-00009-000 3
33 0 fad42a17-2019-04-18T18:48:08Z-00002-000 3
7 0 61842a89-2019-04-18T18:56:38Z-00004-000 2
50 0 2e784eb9-2019-04-19T12:45:17Z-00006-000 -2
34 0 5d4a0114-2019-04-18T19:47:14Z-00002-000 3
32 0 3045b026-2019-04-15T20:24:51Z-00004-000 -2
43 0 c8a50f55-2019-04-18T18:22:24Z-00006-000 3
7 0 9acf5a44-2019-04-17T11:47:40Z-00011-000 3
34 0 629412b6-2019-04-18T18:09:34Z-00003-000 2
49 0 2250950f-2019-04-15T20:22:46Z-00006-000 0
50 0 29a574f9-2019-04-18T17:45:58Z-00005-000 3
50 0 8b058dfe-2019-04-18T19:42:38Z-00001-000 -2
14 0 9b60ca6e-2019-04-18T14:43:26Z-00001-000 3
15 0 aac1deac-2019-04-18T11:36:48Z-00001-000 2
49 0 26d1f70e-2019-04-18T14:04:17Z-00001-000 1
49 0 f89c38d5-2019-04-18T18:20:43Z-00005-000 2
43 0 39e75959-2019-04-19T12:45:40Z-00006-000 3
15 0 61bcb9f0-2019-04-18T15:36:32Z-00005-000 3
7 0 9d2cb134-2019-04-18T19:14:49Z-00006-000 1
26 0 25dc997a-2019-04-18T16:09:01Z-00006-000 2
15 0 98931b41-2019-04-18T16:05:52Z-00005-000 -2
30 0 c6d380a8-2019-04-18T14:40:11Z-00002-000 3
14 0 1df4e73f-2019-04-15T20:23:01Z-00006-000 -2
50 0 34fc8788-2019-04-19T12:46:38Z-00006-000 3
32 0 b967f775-2019-04-18T15:39:58Z-00006-000 3
26 0 9168d27e-2019-04-18T15:43:14Z-00005-000 2
38 0 ffcf93d6-2019-04-18T18:36:12Z-00006-000 2
9 0 db524bb6-2019-04-18T15:31:00Z-00002-000 3
32 0 4d281c46-2019-04-18T15:19:50Z-00004-000 -2
19 0 4d91b1df-2019-04-18T15:29:29Z-00006-000 3
15 0 61bcb6ca-2019-04-18T16:24:23Z-00006-000 3
38 0 23734551-2019-04-18T15:01:29Z-00006-000 3
7 0 58bd39a7-2019-04-18T15:13:30Z-00003-000 -2
38 0 87b8c230-2019-04-17T11:47:26Z-00006-000 3
4 0 1df1290b-2019-04-19T12:44:36Z-00002-000 -2
32 0 dfad459f-2019-04-18T13:11:29Z-00001-000 1
34 0 f33962a2-2019-04-18T15:04:36Z-00003-000 3
7 0 92496102-2019-04-18T17:17:33Z-00004-000 -2
40 0 f2cac0b5-2019-04-18T16:06:26Z-00005-000 -2
40 0 e3bc0ab2-2019-04-18T16:07:14Z-00001-000 3
50 0 12feb715-2019-04-18T14:16:08Z-00001-000 0
9 0 2403550a-2019-04-18T14:02:10Z-00003-000 2
43 0 aec074d3-2019-04-18T15:35:44Z-00002-000 -2
32 0 a3e51e52-2019-04-18T12:51:02Z-00002-000 -2
33 0 956c34e6-2019-04-18T12:38:11Z-00001-000 3
22 0 8d325e50-2019-04-15T20:22:20Z-00006-000 3
14 0 36311028-2019-04-18T16:24:36Z-00000-000 -2
9 0 fa922cd8-2019-04-18T16:13:55Z-00003-000 3
50 0 884f98e9-2019-04-18T17:22:42Z-00003-000 2
7 0 e24399e6-2019-04-18T11:15:12Z-00004-000 2
34 0 fdb7b7d4-2019-04-17T11:47:29Z-00007-000 -2
32 0 1ec43f7f-2019-04-18T16:00:57Z-00003-000 0
14 0 fba9d594-2019-04-18T15:25:31Z-00002-000 3
38 0 d267a8d5-2019-04-18T16:58:41Z-00002-000 3
4 0 e7b98175-2019-04-18T14:36:18Z-00000-000 -2
15 0 28e0a6b5-2019-04-18T15:07:33Z-00005-000 3
32 0 2c05e9fb-2019-04-15T20:23:05Z-00006-000 -2
32 0 15125835-2019-04-18T14:58:11Z-00003-000 1
22 0 402902df-2019-04-17T11:47:31Z-00006-000 2
22 0 cbe4c6f1-2019-04-15T20:22:36Z-00006-000 3
9 0 573179dd-2019-04-18T16:24:35Z-00002-000 -2
15 0 fd98a1f9-2019-04-18T16:36:58Z-00001-000 3
4 0 7a941478-2019-04-19T12:44:23Z-00002-000 3
43 0 e01b315f-2019-04-18T17:32:02Z-00006-000 3
49 0 c51e57ff-2019-04-15T20:23:03Z-00006-000 3
30 0 54f3b937-2019-04-18T13:25:23Z-00002-000 2
7 0 61842a89-2019-04-18T18:56:38Z-00002-000 1
50 0 510d3995-2019-04-18T16:28:22Z-00004-000 2
32 0 95fcd34c-2019-04-18T16:08:49Z-00000-000 -2
50 0 2e784eb9-2019-04-19T12:45:17Z-00007-000 -2
15 0 caa8f692-2019-04-18T11:49:10Z-00006-000 3
43 0 b0a7bcdb-2019-04-18T18:05:08Z-00004-000 3
7 0 826727db-2019-04-18T14:31:24Z-00000-000 -2
50 0 34919243-2019-04-18T15:00:34Z-00005-000 -2
9 0 4430de8b-2019-04-18T15:28:56Z-00000-000 3
43 0 c8a50f55-2019-04-18T18:22:24Z-00004-000 3
15 0 f7b9ce71-2019-04-18T16:17:35Z-00004-000 3
14 0 ff5c7649-2019-04-18T18:32:57Z-00000-000 3
7 0 9acf5a44-2019-04-17T11:47:40Z-00021-000 3
49 0 d0d42864-2019-04-15T20:24:40Z-00007-000 0
34 0 378f5f8b-2019-04-15T20:24:33Z-00003-000 2
26 0 8703c5ca-2019-04-18T16:10:43Z-00000-000 3
26 0 ab3b5067-2019-04-18T14:00:59Z-00000-000 -2
49 0 f89c38d5-2019-04-18T18:20:43Z-00003-000 3
32 0 376ee37b-2019-04-18T15:33:39Z-00000-000 0
40 0 ed87638b-2019-04-18T15:23:00Z-00005-000 3
30 0 c6d380a8-2019-04-18T14:40:11Z-00000-000 2
32 0 ce819acd-2019-04-18T17:25:08Z-00002-000 2
39 0 aedf4638-2019-04-18T15:24:01Z-00001-000 2
19 0 5d034f2d-2019-04-18T19:20:30Z-00000-000 2
32 0 4d281c46-2019-04-18T15:19:50Z-00002-000 3
43 0 b4fc6355-2019-04-18T18:54:24Z-00000-000 2
38 0 87b8c230-2019-04-17T11:47:26Z-00007-000 -2
4 0 1df1290b-2019-04-19T12:44:36Z-00072-000 2
7 0 9386f22e-2019-04-18T13:45:17Z-00000-000 -2
39 0 b50ed784-2019-04-18T13:24:41Z-00003-000 2
7 0 cfca5a6d-2019-04-18T16:23:00Z-00005-000 3
50 0 f9e149b9-2019-04-15T20:22:51Z-00006-000 2
4 0 2fc6200f-2019-04-18T17:01:39Z-00000-000 -2
30 0 e81cbf00-2019-04-18T18:44:20Z-00000-000 -2
9 0 563c9db1-2019-04-18T16:20:05Z-00003-000 3
4 0 4712ec0a-2019-04-18T12:53:28Z-00005-000 2
14 0 756a6a44-2019-04-15T20:22:49Z-00003-000 -2
7 0 d0870de5-2019-04-18T13:41:35Z-00002-000 2
32 0 d0870de5-2019-04-18T13:41:35Z-00002-000 2
34 0 bc2b2a0d-2019-04-15T20:24:26Z-00007-000 3
15 0 7807c51e-2019-04-18T13:10:08Z-00003-000 3
38 0 d267a8d5-2019-04-18T16:58:41Z-00000-000 2
32 0 e193035b-2019-04-18T15:02:24Z-00000-000 1
26 0 259f65bb-2019-04-15T20:24:15Z-00007-000 3
49 0 b5e88b26-2019-04-18T16:29:20Z-00003-000 3
33 0 e6851b7f-2019-04-18T15:42:13Z-00004-000 -2
32 0 15125835-2019-04-18T14:58:11Z-00001-000 1
22 0 402902df-2019-04-17T11:47:31Z-00007-000 -2
4 0 6c943bc1-2019-04-18T11:58:31Z-00001-000 -2
43 0 e01b315f-2019-04-18T17:32:02Z-00004-000 3
7 0 61842a89-2019-04-18T18:56:38Z-00001-000 -2
43 0 b0a7bcdb-2019-04-18T18:05:08Z-00002-000 3
32 0 a1a3f657-2019-04-18T19:00:05Z-00005-000 1
49 0 b9ef185e-2019-04-17T11:47:34Z-00008-000 -2
40 0 1a62e568-2019-04-18T11:31:15Z-00008-000 3
7 0 f5f72aae-2019-04-17T11:47:27Z-00010-000 3
34 0 91a1b22c-2019-04-17T11:47:28Z-00028-000 3
19 0 40f91664-2019-04-17T11:47:29Z-00022-000 3
43 0 39e75959-2019-04-19T12:45:40Z-00008-000 -2
26 0 9168d27e-2019-04-18T15:43:14Z-00001-000 1
38 0 ffcf93d6-2019-04-18T18:36:12Z-00002-000 3
30 0 d66b8937-2019-04-15T20:22:46Z-00008-000 3
26 0 40f19507-2019-04-17T11:47:33Z-00008-000 1
50 0 e3f93a3a-2019-04-15T20:22:23Z-00008-000 2
38 0 87b8c230-2019-04-17T11:47:26Z-00008-000 -2
22 0 33d9d3b4-2019-04-18T13:47:23Z-00006-000 3
43 0 db49fdec-2019-04-18T14:34:53Z-00008-000 3
7 0 9acf5a44-2019-04-17T11:47:40Z-00008-000 3
40 0 be00a473-2019-04-18T13:11:33Z-00000-000 3
32 0 a9001abf-2019-04-18T16:22:27Z-00003-000 0
32 0 a56dda53-2019-04-18T16:24:54Z-00002-000 2
34 0 51e725c1-2019-04-15T20:22:34Z-00008-000 3
30 0 5d2a077f-2019-04-18T13:59:07Z-00003-000 3
50 0 bb86a0d6-2019-04-19T12:47:42Z-00011-000 1
38 0 575d7a7e-2019-04-18T16:34:27Z-00001-000 3
32 0 f9e149b9-2019-04-15T20:22:51Z-00008-000 1
30 0 af69c8f7-2019-04-18T14:28:36Z-00001-000 3
14 0 b126cec3-2019-04-18T18:28:44Z-00006-000 3
15 0 28e0a6b5-2019-04-18T15:07:33Z-00001-000 3
49 0 b5e88b26-2019-04-18T16:29:20Z-00001-000 3
43 0 45ee5ae7-2019-04-18T14:30:50Z-00005-000 3
32 0 64a697e7-2019-04-18T15:36:13Z-00000-000 0
22 0 402902df-2019-04-17T11:47:31Z-00008-000 3
50 0 2e784eb9-2019-04-19T12:45:17Z-00009-000 2
43 0 b0a7bcdb-2019-04-18T18:05:08Z-00000-000 3
43 0 c8a50f55-2019-04-18T18:22:24Z-00000-000 3
43 0 62df8f89-2019-04-18T16:24:35Z-00000-000 3
50 0 686be05-2019-04-18T16:31:13Z-00001-000 2
34 0 b00a4488-2019-04-18T17:04:41Z-00005-000 -2
39 0 342cf7b6-2019-04-18T16:32:02Z-00000-000 2
49 0 97d32d51-2019-04-19T12:45:50Z-00009-000 1
43 0 39e75959-2019-04-19T12:45:40Z-00009-000 2
33 0 3e9ff172-2019-04-18T12:09:10Z-00003-000 3
30 0 ca07a94-2019-04-18T16:25:14Z-00000-000 2
40 0 ed87638b-2019-04-18T15:23:00Z-00001-000 3
15 0 908ed2cb-2019-04-18T15:35:47Z-00000-000 3
26 0 4566fc90-2019-04-15T20:22:23Z-00009-000 1
32 0 b967f775-2019-04-18T15:39:58Z-00000-000 -2
30 0 d66b8937-2019-04-15T20:22:46Z-00009-000 3
26 0 2c13cc23-2019-04-18T16:11:23Z-00002-000 2
19 0 54debc33-2019-04-18T17:40:11Z-00000-000 -2
19 0 4d91b1df-2019-04-18T15:29:29Z-00000-000 3
38 0 4d3852ce-2019-04-18T18:53:13Z-00000-000 3
38 0 87b8c230-2019-04-17T11:47:26Z-00009-000 -2
32 0 b76ec089-2019-04-19T12:45:35Z-00014-000 -2
33 0 8eeab760-2019-04-18T16:21:32Z-00001-000 3
33 0 27c1c66f-2019-04-18T16:22:39Z-00004-000 -2
22 0 8d325e50-2019-04-15T20:22:20Z-00009-000 3
32 0 a9001abf-2019-04-18T16:22:27Z-00001-000 -2
26 0 2e4d06a-2019-04-18T17:04:14Z-00000-000 2
7 0 ffc1c5ad-2019-04-18T16:49:56Z-00000-000 3
4 0 4712ec0a-2019-04-18T12:53:28Z-00001-000 -2
14 0 2507eab7-2019-04-17T11:47:40Z-00008-000 -2
15 0 638d406b-2019-04-18T16:47:38Z-00001-000 3
38 0 d267a8f4-2019-04-18T17:01:16Z-00000-000 2
33 0 129ce23f-2019-04-18T15:31:47Z-00001-000 3
32 0 2c05e9fb-2019-04-15T20:23:05Z-00009-000 2
7 0 bcdf1d5e-2019-04-18T19:59:53Z-00001-000 2
43 0 7f07c235-2019-04-18T18:48:43Z-00002-000 3
33 0 c8a274ac-2019-04-15T20:22:27Z-00005-000 3
22 0 402902df-2019-04-17T11:47:31Z-00009-000 3
39 0 dd3e0a35-2019-04-15T20:22:38Z-00009-000 2
50 0 3064bbce-2019-04-15T20:24:33Z-00010-000 2
50 0 2e784eb9-2019-04-19T12:45:17Z-00010-000 -2
32 0 3a5e94f0-2019-04-15T20:22:59Z-00016-000 2
43 0 67edb5e4-2019-04-18T17:21:09Z-00003-000 3
34 0 f0c04fae-2019-04-18T11:22:23Z-00001-000 2
43 0 485461ed-2019-04-18T11:50:57Z-00002-000 3
33 0 b50ed68c-2019-04-18T16:18:43Z-00000-000 -2
22 0 8d325e50-2019-04-15T20:22:20Z-00010-000 3
49 0 dcd97b83-2019-04-19T12:44:22Z-00010-000 2
50 0 f0a15ed7-2019-04-18T17:47:18Z-00001-000 3
14 0 a07fc94e-2019-04-19T12:47:31Z-00012-000 -2
49 0 67d491d2-2019-04-18T19:51:23Z-00003-000 3
7 0 977cc78d-2019-04-19T12:47:55Z-00010-000 2
26 0 259f65bb-2019-04-15T20:24:15Z-00010-000 3
43 0 e9296c88-2019-04-18T15:32:30Z-00004-000 3
33 0 e3d235e2-2019-04-17T11:47:41Z-00010-000 -2
22 0 402902df-2019-04-17T11:47:31Z-00010-000 -2
32 0 31d95d6b-2019-04-19T12:48:00Z-00010-000 3
4 0 59e0bc8b-2019-04-18T13:07:32Z-00000-000 2
50 0 2e784eb9-2019-04-19T12:45:17Z-00011-000 2
34 0 2e721803-2019-04-17T11:47:37Z-00006-000 -2
22 0 cb9489c0-2019-04-19T12:45:51Z-00011-000 3
7 0 52794046-2019-04-19T12:44:20Z-00006-000 1
14 0 f2a45f84-2019-04-19T12:45:40Z-00016-000 -2
40 0 abf0fc05-2019-04-15T20:22:46Z-00011-000 3
30 0 d66b8937-2019-04-15T20:22:46Z-00011-000 3
30 0 a6235621-2019-04-19T12:44:35Z-00016-000 2
26 0 40f19507-2019-04-17T11:47:33Z-00011-000 -2
38 0 87b8c230-2019-04-17T11:47:26Z-00011-000 1
4 0 1df1290b-2019-04-19T12:44:36Z-00076-000 3
22 0 8d325e50-2019-04-15T20:22:20Z-00011-000 3
34 0 51e725c1-2019-04-15T20:22:34Z-00011-000 2
26 0 848388f4-2019-04-19T12:45:37Z-00011-000 3
50 0 217e4b71-2019-04-19T12:46:16Z-00011-000 3
14 0 11db3b00-2019-04-18T12:18:23Z-00001-000 1
32 0 2c05e9fb-2019-04-15T20:23:05Z-00011-000 3
22 0 402902df-2019-04-17T11:47:31Z-00011-000 3
39 0 dd3e0a35-2019-04-15T20:22:38Z-00011-000 2
50 0 ed52489a-2019-04-19T12:45:22Z-00011-000 3
50 0 5c95bc4d-2019-04-15T20:22:27Z-00011-000 2
50 0 2e784eb9-2019-04-19T12:45:17Z-00012-000 -2
15 0 baf99c5b-2019-04-18T13:31:11Z-00001-000 3
33 0 b801a11e-2019-04-15T20:24:33Z-00012-000 3
43 0 ca5b5dd7-2019-04-15T20:22:25Z-00011-000 3
34 0 785830f5-2019-04-18T12:06:37Z-00002-000 2
33 0 2a50733b-2019-04-18T19:57:53Z-00004-000 2
40 0 abf0fc05-2019-04-15T20:22:46Z-00012-000 2
15 0 e511ec5-2019-04-19T12:45:01Z-00012-000 3
32 0 e6af11b5-2019-04-15T20:22:52Z-00012-000 2
26 0 50e33842-2019-04-15T20:22:17Z-00012-000 3
14 0 d9946d8a-2019-04-18T13:38:28Z-00000-000 3
26 0 6d80f423-2019-04-15T20:22:41Z-00012-000 3
32 0 2c05e9fb-2019-04-15T20:23:05Z-00012-000 1
33 0 7785529c-2019-04-17T11:47:37Z-00020-000 -2
22 0 402902df-2019-04-17T11:47:31Z-00012-000 3
7 0 a781de02-2019-04-15T20:22:47Z-00012-000 0
26 0 6aa1492a-2019-04-15T20:24:39Z-00012-000 2
50 0 2e784eb9-2019-04-19T12:45:17Z-00013-000 -2
49 0 42f3ef9-2019-04-18T14:59:51Z-00005-000 0
43 0 ce55d6b1-2019-04-18T13:27:49Z-00002-000 3
34 0 42f8393e-2019-04-17T11:47:34Z-00021-000 2
49 0 2250950f-2019-04-15T20:22:46Z-00013-000 3
33 0 6df517d7-2019-04-18T12:19:46Z-00001-000 3
32 0 4802db85-2019-04-19T12:47:51Z-00013-000 2
38 0 87b8c230-2019-04-17T11:47:26Z-00013-000 2
49 0 ac29a9a-2019-04-19T12:44:31Z-00013-000 0
33 0 9bb25fb0-2019-04-18T16:45:11Z-00001-000 3
34 0 bc2b2a0d-2019-04-15T20:24:26Z-00013-000 3
14 0 22589f9c-2019-04-18T19:29:10Z-00003-000 3
33 0 e3d235e2-2019-04-17T11:47:41Z-00013-000 3
22 0 402902df-2019-04-17T11:47:31Z-00013-000 3
50 0 8a2c8402-2019-04-19T12:45:47Z-00013-000 2
4 0 eed3e468-2019-04-15T20:24:29Z-00016-000 3
40 0 beb024c8-2019-04-18T19:31:28Z-00005-000 3
50 0 2e784eb9-2019-04-19T12:45:17Z-00014-000 2
26 0 fae0ed1b-2019-04-15T20:24:11Z-00014-000 2
14 0 a4711398-2019-04-18T15:51:40Z-00000-000 3
49 0 2250950f-2019-04-15T20:22:46Z-00014-000 2
43 0 39e75959-2019-04-19T12:45:40Z-00014-000 3
38 0 87b8c230-2019-04-17T11:47:26Z-00014-000 -2
33 0 f000777d-2019-04-18T14:13:25Z-00004-000 -2
22 0 8d325e50-2019-04-15T20:22:20Z-00014-000 3
32 0 c7b72d87-2019-04-15T20:24:23Z-00014-000 1
26 0 eb991d36-2019-04-15T20:24:15Z-00014-000 2
32 0 2c05e9fb-2019-04-15T20:23:05Z-00014-000 3
14 0 5707c3bf-2019-04-18T14:25:21Z-00005-000 3
30 0 6da2e494-2019-04-15T20:22:30Z-00014-000 3
33 0 e3d235e2-2019-04-17T11:47:41Z-00014-000 3
22 0 402902df-2019-04-17T11:47:31Z-00014-000 -2
50 0 2e784eb9-2019-04-19T12:45:17Z-00015-000 -2
30 0 f7c81d18-2019-04-15T20:22:46Z-00016-000 3
43 0 b4ba4bd7-2019-04-18T19:31:31Z-00004-000 3
30 0 d66b8937-2019-04-15T20:22:46Z-00015-000 2
26 0 4490d6b6-2019-04-18T15:12:39Z-00000-000 3
49 0 ac29a9a-2019-04-19T12:44:31Z-00015-000 2
14 0 561de00a-2019-04-18T16:35:55Z-00002-000 3
22 0 8d325e50-2019-04-15T20:22:20Z-00015-000 3
50 0 e01428c-2019-04-18T14:21:23Z-00003-000 0
26 0 eb991d36-2019-04-15T20:24:15Z-00015-000 3
32 0 2c05e9fb-2019-04-15T20:23:05Z-00015-000 3
22 0 402902df-2019-04-17T11:47:31Z-00015-000 3
7 0 81c22471-2019-04-15T20:24:17Z-00013-000 3
50 0 2e784eb9-2019-04-19T12:45:17Z-00016-000 -2
50 0 848fb48-2019-04-15T20:24:19Z-00016-000 2
49 0 2250950f-2019-04-15T20:22:46Z-00016-000 0
40 0 bea71e7b-2019-04-17T11:47:42Z-00016-000 -2
38 0 87b8c230-2019-04-17T11:47:26Z-00016-000 -2
26 0 db45fa16-2019-04-19T12:44:46Z-00016-000 2
32 0 bdcf90af-2019-04-15T20:24:22Z-00016-000 1
34 0 bc2b2a0d-2019-04-15T20:24:26Z-00016-000 2
26 0 259f65bb-2019-04-15T20:24:15Z-00016-000 2
34 0 58c03613-2019-04-15T20:22:11Z-00015-000 3
33 0 e3d235e2-2019-04-17T11:47:41Z-00016-000 3
19 0 53365126-2019-04-15T20:23:00Z-00016-000 3
34 0 ff33548-2019-04-19T12:46:27Z-00016-000 2
22 0 402902df-2019-04-17T11:47:31Z-00016-000 -2
39 0 dd3e0a35-2019-04-15T20:22:38Z-00016-000 2
4 0 a6f085b0-2019-04-15T20:24:13Z-00010-000 -2
50 0 2e784eb9-2019-04-19T12:45:17Z-00017-000 2
33 0 b801a11e-2019-04-15T20:24:33Z-00017-000 3
43 0 6555987d-2019-04-18T16:23:08Z-00001-000 3
49 0 2250950f-2019-04-15T20:22:46Z-00017-000 3
15 0 119f2027-2019-04-18T18:39:12Z-00003-000 2
30 0 691acc63-2019-04-15T20:23:01Z-00017-000 3
22 0 49c61a23-2019-04-15T20:22:36Z-00017-000 3
19 0 d2f4b1cd-2019-04-17T11:47:27Z-00024-000 2
49 0 ac29a9a-2019-04-19T12:44:31Z-00017-000 2
22 0 8d325e50-2019-04-15T20:22:20Z-00017-000 3
34 0 8fd1f0f9-2019-04-18T19:34:28Z-00003-000 3
32 0 2c05e9fb-2019-04-15T20:23:05Z-00017-000 2
49 0 869af6cc-2019-04-19T12:47:53Z-00017-000 3
34 0 ff33548-2019-04-19T12:46:27Z-00017-000 2
22 0 402902df-2019-04-17T11:47:31Z-00017-000 -2
14 0 c9d40958-2019-04-18T16:13:55Z-00001-000 -2
4 0 3cde06b8-2019-04-18T14:28:35Z-00004-000 3
50 0 2e784eb9-2019-04-19T12:45:17Z-00018-000 0
49 0 2250950f-2019-04-15T20:22:46Z-00018-000 0
38 0 87b8c230-2019-04-17T11:47:26Z-00018-000 -2
33 0 d51d86ff-2019-04-18T15:41:37Z-00002-000 3
33 0 480382ae-2019-04-18T19:07:35Z-00001-000 3
14 0 e815f813-2019-04-18T13:09:13Z-00003-000 -2
26 0 eb991d36-2019-04-15T20:24:15Z-00018-000 3
49 0 869af6cc-2019-04-19T12:47:53Z-00018-000 1
22 0 402902df-2019-04-17T11:47:31Z-00018-000 -2
7 0 49ab5919-2019-04-19T12:47:24Z-00019-000 2
4 0 4d028cd3-2019-04-18T18:37:10Z-00005-000 2
49 0 2250950f-2019-04-15T20:22:46Z-00019-000 2
43 0 39e75959-2019-04-19T12:45:40Z-00019-000 3
32 0 4ce497c-2019-04-15T20:22:56Z-00019-000 3
40 0 bea71e7b-2019-04-17T11:47:42Z-00019-000 2
14 0 f9f87c6a-2019-04-19T12:44:53Z-00016-000 -2
22 0 8d6d1941-2019-04-19T12:45:23Z-00019-000 3
14 0 2c118a47-2019-04-18T15:40:27Z-00003-000 -2
33 0 a5f44edf-2019-04-18T18:51:38Z-00003-000 3
26 0 eb991d36-2019-04-15T20:24:15Z-00019-000 3
32 0 2c05e9fb-2019-04-15T20:23:05Z-00019-000 3
15 0 b5be6b4d-2019-04-15T20:24:36Z-00019-000 3
22 0 402902df-2019-04-17T11:47:31Z-00019-000 3
7 0 9acf5a44-2019-04-17T11:47:40Z-00083-000 3
4 0 cf0b133d-2019-04-18T19:12:56Z-00000-000 3
43 0 f19ad01f-2019-04-18T18:26:10Z-00002-000 3
26 0 b68157c5-2019-04-18T15:46:07Z-00004-000 3
38 0 87b8c230-2019-04-17T11:47:26Z-00020-000 2
14 0 d995a8ce-2019-04-17T11:47:29Z-00020-000 -2
26 0 db45fa16-2019-04-19T12:44:46Z-00020-000 3
33 0 68d68504-2019-04-18T19:37:12Z-00003-000 3
32 0 2c05e9fb-2019-04-15T20:23:05Z-00020-000 3
33 0 e3d235e2-2019-04-17T11:47:41Z-00020-000 3
19 0 53365126-2019-04-15T20:23:00Z-00020-000 3
22 0 402902df-2019-04-17T11:47:31Z-00020-000 3
4 0 6d4cc00d-2019-04-18T11:13:40Z-00004-000 2
43 0 39e75959-2019-04-19T12:45:40Z-00021-000 3
9 0 4b51d325-2019-04-19T12:44:49Z-00021-000 3
50 0 1db3eaf8-2019-04-15T20:24:50Z-00021-000 2
32 0 2c05e9fb-2019-04-15T20:23:05Z-00021-000 3
22 0 87faf04d-2019-04-15T20:22:36Z-00021-000 3
22 0 402902df-2019-04-17T11:47:31Z-00021-000 -2
39 0 dd3e0a35-2019-04-15T20:22:38Z-00021-000 2
43 0 39e75959-2019-04-19T12:45:40Z-00022-000 3
32 0 2c05e9fb-2019-04-15T20:23:05Z-00022-000 2
33 0 6674528f-2019-04-18T13:26:34Z-00008-000 3
9 0 54d229b5-2019-04-15T20:22:18Z-00022-000 3
22 0 402902df-2019-04-17T11:47:31Z-00022-000 -2
43 0 39e75959-2019-04-19T12:45:40Z-00023-000 3
26 0 40f19507-2019-04-17T11:47:33Z-00023-000 -2
26 0 da86b00e-2019-04-15T20:22:17Z-00023-000 2
14 0 8de3af5b-2019-04-17T11:47:40Z-00023-000 -2
32 0 2c05e9fb-2019-04-15T20:23:05Z-00023-000 3
22 0 402902df-2019-04-17T11:47:31Z-00023-000 -2
7 0 49ab5919-2019-04-19T12:47:24Z-00012-000 3
4 0 2674c9bf-2019-04-18T19:41:54Z-00003-000 3
15 0 d188b434-2019-04-18T19:48:24Z-00004-000 3
34 0 c7bc79f5-2019-04-18T17:08:23Z-00005-000 2
4 0 1d10487f-2019-04-17T11:47:31Z-00025-000 2
19 0 f00ece7b-2019-04-18T15:46:00Z-00008-000 -2
43 0 39e75959-2019-04-19T12:45:40Z-00024-000 3
50 0 875cee0-2019-04-18T18:17:59Z-00004-000 2
26 0 2d7a6fbd-2019-04-15T20:22:25Z-00024-000 2
4 0 1df1290b-2019-04-19T12:44:36Z-00027-000 2
7 0 9acf5a44-2019-04-17T11:47:40Z-00024-000 3
32 0 bdcf90af-2019-04-15T20:24:22Z-00024-000 3
26 0 eb991d36-2019-04-15T20:24:15Z-00024-000 3
22 0 402902df-2019-04-17T11:47:31Z-00024-000 3
32 0 13fc3acf-2019-04-19T12:45:38Z-00025-000 2
40 0 abf0fc05-2019-04-15T20:22:46Z-00025-000 3
15 0 e511ec5-2019-04-19T12:45:01Z-00025-000 3
9 0 e3e35db5-2019-04-18T19:26:41Z-00004-000 2
33 0 e3d235e2-2019-04-17T11:47:41Z-00025-000 3
22 0 402902df-2019-04-17T11:47:31Z-00025-000 -2
43 0 39e75959-2019-04-19T12:45:40Z-00026-000 3
40 0 abf0fc05-2019-04-15T20:22:46Z-00026-000 3
32 0 c7b72d87-2019-04-15T20:24:23Z-00026-000 1
26 0 eb991d36-2019-04-15T20:24:15Z-00026-000 2
22 0 402902df-2019-04-17T11:47:31Z-00026-000 -2
15 0 7f023e5c-2019-04-15T20:22:59Z-00026-000 3
50 0 2e784eb9-2019-04-19T12:45:17Z-00027-000 2
38 0 87b8c230-2019-04-17T11:47:26Z-00027-000 3
26 0 db45fa16-2019-04-19T12:44:46Z-00027-000 1
14 0 15006450-2019-04-18T16:44:01Z-00008-000 3
26 0 eb991d36-2019-04-15T20:24:15Z-00027-000 3
22 0 402902df-2019-04-17T11:47:31Z-00027-000 -2
43 0 39e75959-2019-04-19T12:45:40Z-00028-000 3
49 0 806f129c-2019-04-19T12:45:03Z-00028-000 1
38 0 87b8c230-2019-04-17T11:47:26Z-00028-000 1
33 0 e3d235e2-2019-04-17T11:47:41Z-00028-000 -2
22 0 402902df-2019-04-17T11:47:31Z-00028-000 -2
50 0 2e784eb9-2019-04-19T12:45:17Z-00029-000 1
43 0 39e75959-2019-04-19T12:45:40Z-00029-000 3
14 0 e634e766-2019-04-17T11:47:25Z-00049-000 -2
33 0 65855fca-2019-04-19T12:44:24Z-00004-000 3
26 0 eb991d36-2019-04-15T20:24:15Z-00029-000 3
32 0 2c05e9fb-2019-04-15T20:23:05Z-00029-000 2
22 0 402902df-2019-04-17T11:47:31Z-00029-000 -2
14 0 de2545a6-2019-04-18T19:18:36Z-00003-000 2
22 0 402902df-2019-04-17T11:47:31Z-00030-000 -2
15 0 fd3161b0-2019-04-17T11:47:42Z-00227-000 3
4 0 1d10487f-2019-04-17T11:47:31Z-00032-000 1
43 0 39e75959-2019-04-19T12:45:40Z-00031-000 3
15 0 bd1c7800-2019-04-18T11:38:30Z-00002-000 3
33 0 e3d235e2-2019-04-17T11:47:41Z-00031-000 -2
22 0 402902df-2019-04-17T11:47:31Z-00031-000 -2
15 0 1b9ae622-2019-04-18T17:54:23Z-00003-000 3
43 0 39e75959-2019-04-19T12:45:40Z-00032-000 3
22 0 402902df-2019-04-17T11:47:31Z-00032-000 -2
14 0 63346761-2019-04-18T18:25:10Z-00005-000 0
22 0 402902df-2019-04-17T11:47:31Z-00033-000 -2
22 0 402902df-2019-04-17T11:47:31Z-00034-000 3
30 0 f89bdc44-2019-04-17T11:47:43Z-00035-000 3
22 0 402902df-2019-04-17T11:47:31Z-00035-000 -2
7 0 3d7a338e-2019-04-19T12:47:35Z-00036-000 0
4 0 1df1290b-2019-04-19T12:44:36Z-00041-000 3
50 0 e2925fe3-2019-04-19T12:47:22Z-00039-000 3
26 0 40f19507-2019-04-17T11:47:33Z-00040-000 -2
7 0 9acf5a44-2019-04-17T11:47:40Z-00040-000 3
26 0 e6ffa8fb-2019-04-19T12:45:14Z-00043-000 0
4 0 1df1290b-2019-04-19T12:44:36Z-00046-000 2
19 0 996082ea-2019-04-18T11:29:01Z-00000-000 3
38 0 87b8c230-2019-04-17T11:47:26Z-00045-000 -2
4 0 1df1290b-2019-04-19T12:44:36Z-00048-000 2
50 0 2e784eb9-2019-04-19T12:45:17Z-00046-000 1
9 0 7238714a-2019-04-18T16:34:22Z-00002-000 -2
26 0 40f19507-2019-04-17T11:47:33Z-00048-000 2
4 0 1df1290b-2019-04-19T12:44:36Z-00051-000 1
34 0 49f41610-2019-04-18T11:47:48Z-00005-000 -2
4 0 1df1290b-2019-04-19T12:44:36Z-00052-000 2
4 0 1df1290b-2019-04-19T12:44:36Z-00053-000 3
4 0 1df1290b-2019-04-19T12:44:36Z-00054-000 3
50 0 e6ffa8fb-2019-04-19T12:45:14Z-00052-000 3
19 0 80b000b5-2019-04-18T16:03:44Z-00001-000 3
15 0 e511ec5-2019-04-19T12:45:01Z-00052-000 -2
50 0 e6ffa8fb-2019-04-19T12:45:14Z-00053-000 3
4 0 1df1290b-2019-04-19T12:44:36Z-00056-000 3
4 0 1df1290b-2019-04-19T12:44:36Z-00057-000 3
26 0 40f19507-2019-04-17T11:47:33Z-00056-000 2
26 0 db45fa16-2019-04-19T12:44:46Z-00056-000 2
26 0 40f19507-2019-04-17T11:47:33Z-00057-000 -2
33 0 e3d235e2-2019-04-17T11:47:41Z-00057-000 -2
22 0 c1eb9840-2019-04-17T11:47:34Z-00061-000 -2
9 0 4b51d325-2019-04-19T12:44:49Z-00059-000 2
26 0 40f19507-2019-04-17T11:47:33Z-00061-000 3
9 0 7872f5d5-2019-04-19T12:47:52Z-00009-000 3
26 0 40f19507-2019-04-17T11:47:33Z-00062-000 -2
9 0 6d95469d-2019-04-18T16:14:32Z-00001-000 3
14 0 d995a8ce-2019-04-17T11:47:29Z-00062-000 -2
9 0 f2d744ec-2019-04-18T14:10:25Z-00002-000 3
38 0 87b8c230-2019-04-17T11:47:26Z-00063-000 1
22 0 c1eb9840-2019-04-17T11:47:34Z-00066-000 3
38 0 87b8c230-2019-04-17T11:47:26Z-00066-000 -2
40 0 bea71e7b-2019-04-17T11:47:42Z-00067-000 -2
38 0 87b8c230-2019-04-17T11:47:26Z-00067-000 3
38 0 87b8c230-2019-04-17T11:47:26Z-00068-000 -2
38 0 87b8c230-2019-04-17T11:47:26Z-00071-000 -2
38 0 87b8c230-2019-04-17T11:47:26Z-00072-000 0
38 0 87b8c230-2019-04-17T11:47:26Z-00076-000 2
38 0 87b8c230-2019-04-17T11:47:26Z-00080-000 -2
38 0 87b8c230-2019-04-17T11:47:26Z-00084-000 2
38 0 87b8c230-2019-04-17T11:47:26Z-00089-000 0
40 0 bea71e7b-2019-04-17T11:47:42Z-00093-000 -2
40 0 bea71e7b-2019-04-17T11:47:42Z-00107-000 3
50 0 89e52114-2019-04-17T11:47:41Z-00130-000 -2
